0 36 8.0
0 335 6.0
0 354 8.0
0 396 7.0
0 399 7.0
0 429 1.0
0 576 10.0
0 672 9.0
0 690 10.0
0 702 9.0
1 105 7.0
1 131 10.0
1 145 10.0
1 214 8.0
1 241 8.0
1 268 6.0
1 336 10.0
1 395 10.0
1 473 8.0
1 630 10.0
2 52 7.0
2 195 10.0
2 269 8.0
2 308 6.0
2 354 9.0
2 355 7.0
2 516 7.0
2 523 9.0
2 543 7.0
2 605 8.0
3 137 7.0
3 163 10.0
3 182 8.0
3 199 10.0
3 298 7.0
3 303 9.0
3 509 7.0
3 529 10.0
3 544 7.0
3 678 4.0
4 35 8.0
4 102 9.0
4 160 10.0
4 277 10.0
4 320 9.0
4 421 9.0
4 425 10.0
4 475 2.0
4 554 9.0
4 656 10.0
5 280 8.0
5 282 8.0
5 409 7.0
5 526 10.0
5 601 8.0
5 625 8.0
5 641 8.0
5 671 8.0
5 684 10.0
5 710 10.0
6 4 1.0
6 87 1.0
6 149 1.0
6 215 2.0
6 248 1.0
6 274 1.0
6 428 1.0
6 449 1.0
6 461 1.0
6 607 1.0
7 94 8.0
7 98 10.0
7 110 8.0
7 126 7.0
7 164 7.0
7 172 8.0
7 192 9.0
7 230 7.0
7 234 7.0
7 506 9.0
8 46 3.0
8 54 3.0
8 97 2.0
8 104 2.0
8 252 2.0
8 476 2.0
8 567 3.0
8 621 4.0
8 631 2.0
8 638 2.0
9 19 10.0
9 150 10.0
9 192 10.0
9 290 10.0
9 484 10.0
9 509 10.0
9 628 10.0
9 660 10.0
9 697 10.0
9 700 10.0
10 10 7.0
10 185 4.0
10 278 8.0
10 345 2.0
10 474 6.0
10 561 8.0
10 574 10.0
10 648 10.0
10 653 10.0
10 713 8.0
11 22 8.0
11 35 8.0
11 64 7.0
11 89 8.0
11 109 9.0
11 111 8.0
11 159 5.0
11 298 9.0
11 359 8.0
11 463 6.0
12 111 9.0
12 131 9.0
12 160 9.0
12 165 9.0
12 269 7.0
12 311 8.0
12 321 8.0
12 543 7.0
12 595 8.0
12 674 7.0
13 5 7.0
13 157 7.0
13 199 10.0
13 277 9.0
13 331 8.0
13 342 10.0
13 376 9.0
13 437 6.0
13 654 8.0
13 686 8.0
14 108 7.0
14 235 9.0
14 255 9.0
14 275 7.0
14 289 9.0
14 520 10.0
14 562 8.0
14 564 9.0
14 575 10.0
14 599 9.0
15 44 7.0
15 124 7.0
15 209 4.0
15 213 8.0
15 225 7.0
15 227 7.0
15 228 5.0
15 316 6.0
15 460 7.0
15 692 7.0
16 33 7.0
16 36 6.0
16 257 9.0
16 311 8.0
16 321 9.0
16 399 7.0
16 425 9.0
16 492 6.0
16 565 7.0
16 711 8.0
17 110 9.0
17 131 10.0
17 145 8.0
17 241 7.0
17 298 10.0
17 304 10.0
17 311 10.0
17 321 10.0
17 588 7.0
17 629 6.0
18 35 8.0
18 125 7.0
18 131 10.0
18 137 8.0
18 193 5.0
18 197 8.0
18 199 8.0
18 313 8.0
18 321 6.0
18 678 10.0
19 111 10.0
19 160 10.0
19 262 10.0
19 312 10.0
19 330 10.0
19 401 10.0
19 442 10.0
19 466 10.0
19 490 10.0
19 589 10.0
20 3 8.0
20 24 10.0
20 173 9.0
20 427 10.0
20 519 10.0
20 541 10.0
20 598 10.0
21 155 5.0
21 352 6.0
21 557 10.0
21 627 5.0
21 650 9.0
22 7 10.0
22 100 6.0
22 130 5.0
22 220 6.0
22 239 3.0
22 276 4.0
22 346 6.0
22 370 9.0
22 549 8.0
22 694 10.0
23 53 10.0
23 105 7.0
23 111 8.0
23 114 9.0
23 131 2.0
23 142 10.0
23 160 9.0
23 165 10.0
23 311 10.0
23 545 2.0
24 42 6.0
24 53 10.0
24 187 7.0
24 201 3.0
24 230 10.0
24 272 10.0
24 341 4.0
24 573 1.0
24 665 1.0
24 673 10.0
25 70 8.0
25 76 5.0
25 240 8.0
25 257 7.0
25 308 9.0
25 311 9.0
25 321 8.0
25 524 7.0
25 598 6.0
25 711 9.0
26 39 10.0
26 47 4.0
26 193 8.0
26 240 10.0
26 246 1.0
26 311 10.0
26 354 10.0
26 360 1.0
26 551 5.0
26 640 10.0
27 9 10.0
27 127 10.0
27 293 10.0
27 366 10.0
27 404 10.0
27 446 10.0
27 500 10.0
27 581 10.0
27 675 10.0
27 685 10.0
28 131 10.0
28 145 9.0
28 174 10.0
28 298 9.0
28 311 10.0
28 321 10.0
28 512 10.0
28 588 10.0
28 629 10.0
28 651 10.0
29 105 8.0
29 111 9.0
29 114 9.0
29 131 8.0
29 145 8.0
29 160 9.0
29 165 9.0
29 311 9.0
29 321 9.0
29 588 8.0
30 45 8.0
30 72 8.0
30 143 7.0
30 147 7.0
30 188 7.0
30 194 6.0
30 482 8.0
30 543 5.0
30 548 7.0
30 658 5.0
31 35 7.0
31 109 7.0
31 112 8.0
31 128 8.0
31 160 9.0
31 195 7.0
31 298 8.0
31 302 7.0
31 311 9.0
31 509 7.0
32 63 9.0
32 91 10.0
32 111 10.0
32 131 10.0
32 145 10.0
32 160 10.0
32 165 10.0
32 247 10.0
32 407 10.0
32 575 10.0
33 207 10.0
33 242 10.0
33 309 10.0
33 325 9.0
33 364 10.0
33 389 3.0
33 430 10.0
33 540 10.0
33 597 10.0
33 693 10.0
34 23 1.0
34 107 6.0
34 351 4.0
34 362 1.0
34 388 5.0
34 454 1.0
34 462 1.0
34 626 1.0
34 664 6.0
34 704 9.0
35 28 10.0
35 114 10.0
35 131 10.0
35 199 8.0
35 210 7.0
35 257 8.0
35 357 1.0
35 509 9.0
35 566 1.0
35 684 8.0
36 28 9.0
36 95 10.0
36 418 9.0
36 456 10.0
36 465 10.0
36 503 9.0
36 510 10.0
36 560 10.0
36 666 9.0
36 709 8.0
37 103 9.0
37 182 8.0
37 211 9.0
37 324 6.0
37 348 5.0
37 365 9.0
37 473 8.0
37 594 7.0
37 630 8.0
37 711 8.0
38 3 7.0
38 6 8.0
38 59 7.0
38 131 10.0
38 226 6.0
38 332 10.0
38 344 9.0
38 366 8.0
38 424 9.0
38 480 7.0
39 105 8.0
39 111 9.0
39 114 8.0
39 131 8.0
39 145 8.0
39 160 8.0
39 165 9.0
39 311 7.0
39 321 7.0
39 588 8.0
40 27 10.0
40 161 8.0
40 187 10.0
40 217 10.0
40 358 9.0
40 416 3.0
40 592 10.0
40 605 10.0
40 606 10.0
40 652 10.0
41 109 6.0
41 111 9.0
41 113 5.0
41 114 9.0
41 122 10.0
41 139 9.0
41 160 10.0
41 195 10.0
41 298 9.0
41 629 10.0
42 1 8.0
42 28 10.0
42 113 10.0
42 177 7.0
42 206 5.0
42 236 10.0
42 264 7.0
42 447 7.0
42 512 10.0
42 514 10.0
43 62 7.0
43 121 10.0
43 171 8.0
43 458 8.0
43 459 10.0
43 477 7.0
43 505 8.0
43 522 7.0
43 539 7.0
43 614 6.0
44 21 10.0
44 49 10.0
44 131 10.0
44 148 9.0
44 192 9.0
44 199 10.0
44 205 9.0
44 218 10.0
44 405 10.0
44 572 10.0
45 111 9.0
45 114 8.0
45 137 7.0
45 160 9.0
45 196 10.0
45 241 10.0
45 298 9.0
45 346 10.0
45 350 9.0
45 397 9.0
46 85 6.0
46 106 6.0
46 111 8.0
46 160 8.0
46 241 10.0
46 369 6.0
46 391 1.0
46 543 8.0
46 558 6.0
46 705 6.0
47 60 10.0
47 111 7.0
47 129 7.0
47 131 2.0
47 180 10.0
47 311 8.0
47 321 8.0
47 333 8.0
47 367 8.0
47 705 10.0
48 28 10.0
48 55 3.0
48 119 8.0
48 349 9.0
48 353 10.0
48 395 10.0
48 508 10.0
48 537 5.0
48 643 10.0
48 676 10.0
49 26 6.0
49 134 10.0
49 212 9.0
49 224 9.0
49 258 9.0
49 419 6.0
49 509 8.0
49 523 10.0
49 617 6.0
49 639 6.0
50 43 1.0
50 105 10.0
50 111 10.0
50 114 7.0
50 160 8.0
50 165 10.0
50 311 8.0
50 321 8.0
50 516 6.0
50 595 6.0
51 105 8.0
51 111 10.0
51 131 10.0
51 145 10.0
51 160 10.0
51 165 9.0
51 241 9.0
51 311 10.0
51 321 10.0
51 496 9.0
52 48 9.0
52 105 10.0
52 110 10.0
52 114 9.0
52 122 9.0
52 131 10.0
52 241 9.0
52 311 10.0
52 321 10.0
52 512 10.0
53 15 8.0
53 35 9.0
53 134 10.0
53 140 8.0
53 259 9.0
53 357 1.0
53 509 9.0
53 633 8.0
53 635 9.0
53 702 8.0
54 0 10.0
54 244 7.0
54 269 10.0
54 273 7.0
54 381 10.0
54 492 8.0
54 499 8.0
54 571 7.0
54 613 2.0
54 681 8.0
55 31 10.0
55 129 10.0
55 137 10.0
55 139 10.0
55 181 8.0
55 241 10.0
55 395 10.0
55 523 9.0
55 528 9.0
55 705 9.0
56 132 10.0
56 154 9.0
56 249 10.0
56 337 6.0
56 375 5.0
56 414 8.0
56 415 8.0
56 436 10.0
56 475 7.0
56 586 10.0
57 17 2.0
57 32 2.0
57 75 2.0
57 250 2.0
57 287 2.0
57 330 2.0
57 398 2.0
57 518 2.0
57 585 2.0
57 663 2.0
58 30 7.0
58 56 9.0
58 69 10.0
58 188 10.0
58 387 9.0
58 419 10.0
58 452 7.0
58 568 10.0
58 582 5.0
58 618 8.0
59 111 10.0
59 160 10.0
59 183 7.0
59 240 10.0
59 426 4.0
59 550 10.0
59 580 4.0
59 648 8.0
59 670 7.0
59 702 9.0
60 111 9.0
60 114 9.0
60 160 8.0
60 165 9.0
60 189 7.0
60 297 8.0
60 321 8.0
60 336 8.0
60 441 6.0
60 707 5.0
61 121 10.0
61 198 10.0
61 286 7.0
61 303 10.0
61 329 10.0
61 393 10.0
61 495 10.0
61 502 9.0
61 565 10.0
61 691 10.0
62 77 6.0
62 133 6.0
62 191 5.0
62 214 7.0
62 516 8.0
62 583 4.0
62 596 8.0
62 603 5.0
62 683 5.0
62 705 5.0
63 67 1.0
63 68 10.0
63 73 10.0
63 93 10.0
63 197 9.0
63 229 10.0
63 392 10.0
63 400 9.0
63 536 10.0
63 624 10.0
64 39 6.0
64 48 10.0
64 82 3.0
64 111 10.0
64 115 6.0
64 131 9.0
64 137 9.0
64 321 8.0
64 359 10.0
64 438 8.0
65 126 9.0
65 179 9.0
65 221 8.0
65 245 9.0
65 283 8.0
65 406 10.0
65 563 8.0
65 578 8.0
65 624 8.0
65 632 8.0
66 310 9.0
66 412 7.0
66 413 6.0
66 438 7.0
66 457 6.0
66 481 6.0
66 498 8.0
66 644 8.0
66 668 8.0
66 680 7.0
67 140 9.0
67 145 9.0
67 175 9.0
67 241 9.0
67 254 7.0
67 298 9.0
67 321 10.0
67 326 8.0
67 328 7.0
67 378 6.0
68 36 10.0
68 92 10.0
68 122 10.0
68 450 10.0
68 492 7.0
68 513 10.0
68 515 10.0
68 642 10.0
68 679 10.0
68 684 10.0
69 90 10.0
69 151 2.0
69 257 7.0
69 272 2.0
69 321 8.0
69 399 8.0
69 491 6.0
69 531 6.0
69 648 9.0
69 651 4.0
70 16 7.0
70 86 8.0
70 116 7.0
70 237 7.0
70 271 6.0
70 340 8.0
70 423 7.0
70 464 7.0
70 602 7.0
70 688 7.0
71 2 6.0
71 52 6.0
71 233 5.0
71 281 4.0
71 383 4.0
71 432 5.0
71 530 6.0
71 559 7.0
71 569 6.0
71 687 6.0
72 50 7.0
72 58 7.0
72 146 6.0
72 269 8.0
72 314 7.0
72 322 7.0
72 323 7.0
72 386 7.0
72 579 8.0
72 674 8.0
73 99 9.0
73 166 9.0
73 176 10.0
73 256 10.0
73 263 8.0
73 267 10.0
73 319 10.0
73 521 10.0
73 701 8.0
73 712 8.0
74 71 10.0
74 288 8.0
74 289 8.0
74 453 8.0
74 483 8.0
74 552 7.0
74 600 7.0
74 649 7.0
74 680 10.0
74 714 8.0
75 25 7.0
75 109 8.0
75 140 9.0
75 165 9.0
75 174 8.0
75 390 7.0
75 493 7.0
75 538 8.0
75 584 7.0
75 657 8.0
76 52 8.0
76 168 8.0
76 190 6.0
76 253 9.0
76 321 6.0
76 379 3.0
76 422 7.0
76 455 9.0
76 472 9.0
76 595 9.0
77 501 7.0
77 577 10.0
77 696 7.0
78 11 5.0
78 53 3.0
78 208 7.0
78 241 10.0
78 265 8.0
78 292 6.0
78 368 7.0
78 463 4.0
78 662 6.0
78 711 8.0
79 12 10.0
79 105 10.0
79 174 10.0
79 260 10.0
79 434 10.0
79 440 8.0
79 494 10.0
79 517 10.0
79 623 9.0
79 677 10.0
80 84 5.0
80 193 4.0
80 203 4.0
80 305 5.0
80 318 6.0
80 451 4.0
80 527 5.0
80 695 5.0
80 703 5.0
80 708 7.0
81 28 8.0
81 68 9.0
81 88 10.0
81 261 9.0
81 291 9.0
81 321 9.0
81 339 9.0
81 382 9.0
81 408 8.0
81 661 9.0
82 61 10.0
82 83 9.0
82 153 8.0
82 170 8.0
82 226 9.0
82 231 10.0
82 373 9.0
82 399 8.0
82 593 10.0
82 655 8.0
83 29 10.0
83 131 10.0
83 134 10.0
83 174 10.0
83 311 10.0
83 367 10.0
83 484 10.0
83 532 10.0
83 542 10.0
83 645 10.0
84 167 7.0
84 238 8.0
84 266 7.0
84 308 9.0
84 384 9.0
84 394 7.0
84 504 6.0
84 573 9.0
84 578 7.0
84 699 6.0
85 66 5.0
85 81 3.0
85 327 5.0
85 363 3.0
85 382 2.0
85 403 5.0
85 417 3.0
85 488 3.0
85 489 3.0
85 553 6.0
86 78 7.0
86 135 6.0
86 144 7.0
86 191 8.0
86 296 6.0
86 380 5.0
86 420 8.0
86 473 8.0
86 578 8.0
86 682 4.0
87 40 4.0
87 65 4.0
87 147 8.0
87 283 8.0
87 294 8.0
87 301 8.0
87 306 5.0
87 371 5.0
87 546 6.0
87 555 5.0
88 89 9.0
88 105 10.0
88 113 10.0
88 298 10.0
88 361 10.0
88 495 1.0
88 512 10.0
88 615 10.0
88 646 10.0
88 688 10.0
89 51 8.0
89 101 8.0
89 186 8.0
89 272 7.0
89 295 7.0
89 299 7.0
89 317 8.0
89 425 8.0
89 624 8.0
89 672 8.0
90 102 10.0
90 140 10.0
90 296 8.0
90 298 10.0
90 321 10.0
90 326 10.0
90 359 10.0
90 374 8.0
90 425 10.0
90 596 9.0
91 137 10.0
91 245 10.0
91 359 10.0
91 390 10.0
91 425 10.0
91 433 10.0
91 510 10.0
91 611 8.0
91 667 10.0
91 706 8.0
92 60 10.0
92 118 9.0
92 136 9.0
92 145 9.0
92 165 10.0
92 174 9.0
92 175 9.0
92 199 10.0
92 509 10.0
92 528 9.0
93 8 10.0
93 96 7.0
93 202 10.0
93 270 7.0
93 315 8.0
93 338 9.0
93 411 9.0
93 478 9.0
93 495 6.0
93 497 5.0
94 13 10.0
94 18 10.0
94 57 10.0
94 79 9.0
94 138 10.0
94 241 10.0
94 356 8.0
94 420 10.0
94 531 10.0
94 587 10.0
95 38 9.0
95 60 10.0
95 117 6.0
95 200 9.0
95 297 10.0
95 298 7.0
95 343 8.0
95 629 10.0
95 647 10.0
95 669 9.0
96 34 1.0
96 35 10.0
96 160 10.0
96 298 10.0
96 321 10.0
96 359 10.0
96 448 1.0
96 509 10.0
96 570 1.0
96 612 10.0
97 48 10.0
97 111 10.0
97 145 9.0
97 160 9.0
97 165 10.0
97 257 8.0
97 279 8.0
97 311 7.0
97 321 8.0
97 347 9.0
98 51 7.0
98 204 7.0
98 222 8.0
98 298 9.0
98 359 9.0
98 402 8.0
98 445 7.0
98 535 5.0
98 573 7.0
98 591 10.0
99 41 10.0
99 169 10.0
99 300 10.0
99 534 10.0
99 567 10.0
99 608 10.0
99 619 10.0
99 637 10.0
99 659 10.0
99 689 3.0
100 14 8.0
100 111 8.0
100 160 9.0
100 165 10.0
100 182 8.0
100 194 8.0
100 254 7.0
100 432 8.0
100 468 7.0
100 690 8.0
101 111 10.0
101 123 9.0
101 196 9.0
101 251 6.0
101 258 10.0
101 507 9.0
101 525 9.0
101 529 10.0
101 590 3.0
101 592 10.0
102 37 10.0
102 162 10.0
102 180 10.0
102 265 7.0
102 372 10.0
102 581 10.0
102 609 10.0
102 620 9.0
102 636 10.0
102 642 10.0
103 74 6.0
103 178 3.0
103 223 4.0
103 232 7.0
103 377 9.0
103 511 6.0
103 601 7.0
103 616 7.0
103 625 9.0
103 634 8.0
104 29 7.0
104 51 9.0
104 219 7.0
104 285 10.0
104 321 10.0
104 359 10.0
104 425 8.0
104 431 7.0
104 439 8.0
104 634 8.0
105 20 10.0
105 141 9.0
105 284 8.0
105 385 9.0
105 443 8.0
105 444 8.0
105 469 9.0
105 479 8.0
105 556 8.0
105 604 8.0
106 48 8.0
106 80 7.0
106 122 8.0
106 152 10.0
106 184 7.0
106 377 10.0
106 533 7.0
106 547 9.0
106 588 9.0
106 629 8.0
107 111 8.0
107 127 7.0
107 160 9.0
107 165 10.0
107 241 10.0
107 467 5.0
107 470 6.0
107 486 4.0
107 610 8.0
107 656 6.0
108 4 4.0
108 243 6.0
108 307 8.0
108 410 7.0
108 435 10.0
108 471 8.0
108 543 8.0
108 559 10.0
108 622 9.0
108 698 1.0
109 120 8.0
109 121 3.0
109 126 6.0
109 156 10.0
109 158 7.0
109 216 7.0
109 334 9.0
109 355 4.0
109 485 7.0
109 487 8.0
109 509 8.0
