0 794625
1 729852
2 1712132
3 7127046
4 7135239
5 229384
6 1376268
7 6647603
8 3178513
9 3607214
10 7118874
11 1515548
12 5256538
13 106528
14 5757616
15 2396979
16 2880859
17 4112420
18 7057414
19 5718055
20 1777704
21 5136425
22 2039852
23 49202
24 2375733
25 6160442
26 7130537
27 4686133
28 4890696
29 6807626
30 6676556
31 7045197
32 5287949
33 2251448
34 1687634
35 6103124
36 6877198
37 4505688
38 6813019
39 5480542
40 7135327
41 4505698
42 1460923
43 7102565
44 7004264
45 606313
46 958570
47 6168684
48 3039343
49 2769009
50 1187955
51 7045236
52 2613365
53 6584701
54 2154616
55 827513
56 7069819
57 2692458
58 5750911
59 7102594
60 3896683
61 6160518
62 3465352
63 6209673
64 7127179
65 3300034
66 6332558
67 6004879
68 2187408
69 3399826
70 1391299
71 2808028
72 6979735
73 5531216
74 740036
75 3399834
76 6996123
77 450716
78 3702755
79 2490529
80 2555520
81 7078051
82 7061668
83 557221
84 6856871
85 7110824
86 4890652
87 2203819
88 7119020
89 714098
90 7059890
91 4947735
92 786609
93 7012531
94 3874996
95 7119029
96 6840502
97 6357175
98 2818233
99 7135418
100 573627
101 6668478
102 1294527
103 1371884
104 7086275
105 6504645
106 2015265
107 6848713
108 5660874
109 2490573
110 5875304
111 5233357
112 5111843
113 158414
114 4530391
115 1261784
116 5660708
117 6693083
118 4325597
119 5251294
120 5152805
121 6454860
122 3104994
123 4931811
124 3072230
125 1868007
126 2138345
127 7110084
128 2367725
129 164078
130 152766
131 1384688
132 5742837
133 4989174
134 6471927
135 1966328
136 6888148
137 2834682
138 532731
139 5499031
140 5734653
141 5507797
142 639233
143 7135491
144 7078148
145 2089221
146 6816007
147 4063496
148 4219147
149 6185228
150 6586637
151 508176
152 2292746
153 5775635
154 5955860
155 3334997
156 41239
157 4964633
158 2040092
159 3776797
160 3178782
161 7102753
162 4727074
163 4669731
164 5282443
165 2138405
166 2254215
167 6963501
168 3670319
169 2542343
170 2081074
171 2469939
172 3088181
173 6992790
174 7119159
175 3514680
176 3916089
177 5678806
178 4342075
179 2056508
180 7078205
181 6996287
182 819521
183 4432194
184 2892099
185 2048328
186 6127946
187 7106541
188 4890957
189 1376590
190 5940621
191 5046610
192 7119188
193 7110997
194 1589590
195 6553945
196 6807898
197 532827
198 7118906
199 786783
200 6914401
201 1332827
202 6501783
203 6725989
204 1818983
205 6644073
206 7004522
207 4874603
208 1261936
209 1352050
210 2560062
211 3719542
212 3596665
213 7111034
214 950652
215 2007425
216 2294148
217 7119238
218 7127433
219 7135627
220 1540492
221 4268429
222 3162510
223 3932559
224 6259088
225 7119250
226 5300628
227 1638806
228 737689
229 6259099
230 6713955
231 2171294
232 7094689
233 6597259
234 606632
235 4604329
236 6410311
237 7053740
238 5862656
239 7053743
240 5146602
241 6801028
242 3506088
243 7119284
244 7135669
245 836024
246 6191860
247 954362
248 7127484
249 3457469
250 1455855
251 4702656
252 6444229
253 69707
254 2061025
255 3064261
256 6676934
257 934345
258 2613706
259 7127499
260 2539982
261 3940815
262 7004626
263 2535502
264 6439382
265 95070
266 1032666
267 4350427
268 5652956
269 2810333
270 2769374
271 7103909
272 5939680
273 1499618
274 5366243
275 2548197
276 5283921
277 7119337
278 3162602
279 532974
280 3543734
281 5032581
282 6619634
283 1425907
284 5409534
285 2802166
286 1327609
287 6177274
288 6668796
289 5325309
290 729598
291 962645
292 7100977
293 770561
294 2220546
295 5622529
296 2081762
297 885259
298 3351052
299 3768846
300 2015759
301 7111184
302 1888344
303 5628434
304 1802774
305 1589783
306 3159112
307 688665
308 3621402
309 246299
310 3997878
311 7120460
312 1778212
313 1221157
314 4219430
315 5662129
316 3811579
317 7097095
318 3949100
319 2351661
320 3136199
321 2314333
322 4618618
323 2744881
324 295474
325 1827381
326 7111223
327 2040376
328 2400826
329 221755
330 7119420
331 6898240
332 4051040
333 7070275
334 959044
335 1974853
336 467527
337 5562953
338 6906442
339 6947404
340 1486946
341 1081936
342 779704
343 4685923
344 2605169
345 6944185
346 1822943
347 2586042
348 1786462
349 1647202
350 7132603
351 3629668
352 658790
353 100677
354 6980200
355 2556522
356 6988396
357 1424146
358 3990126
359 2883059
360 5538417
361 1811058
362 3097203
363 6906484
364 7119478
365 6922871
366 4729620
367 6234746
368 3563379
369 5939836
370 2933797
371 6896405
372 1811072
373 5922924
374 6604359
375 3785355
376 6980236
377 7070350
378 4891279
379 4213966
380 5366419
381 705173
382 6603415
383 1671832
384 451227
385 7086752
386 5046948
387 5726885
388 4730993
389 3383976
390 4129451
391 2187948
392 3067060
393 5268143
394 836274
395 2499251
396 6447797
397 5649865
398 7040267
399 82618
400 2976543
401 877245
402 3097281
403 6144708
404 1024709
405 5415623
406 475848
407 1635788
408 5468279
409 5161678
410 3785423
411 2532052
412 1016533
413 2867926
414 2761438
415 90847
416 6079204
417 1295077
418 4290001
419 6437303
420 1467114
421 5800683
422 3531500
423 5926225
424 7103219
425 4907766
426 7045879
427 2237177
428 738042
429 7053439
430 25340
431 5341949
432 6169343
433 5074053
434 6746240
435 4377754
436 7004931
437 484101
438 99078
439 688904
440 6458156
441 112087
442 6939405
443 6988560
444 5071635
445 606996
446 1344277
447 5906586
448 1836505
449 1622811
450 394012
451 5531098
452 3001998
453 5137184
454 7103265
455 3474210
456 5956387
457 6194372
458 5268263
459 1562525
460 5776169
461 5522219
462 4113197
463 2131004
464 7127176
465 5972788
466 2450230
467 2039945
468 6767419
469 7037756
470 110730
471 7078719
472 6759232
473 5789613
474 688965
475 74567
476 5530440
477 6054731
478 7130773
479 131919
480 1106768
481 6112081
482 4055890
483 7013204
484 2999125
485 7127895
486 3138392
487 7086938
488 3253084
489 2179933
490 6085261
491 1590113
492 5120867
493 5989862
494 5853329
495 5608983
496 3119932
497 5104490
498 6595435
499 6095726
500 2245487
501 4146032
502 2761585
503 7123091
504 3335028
505 1991541
506 1189353
507 3048276
508 6022013
509 3834750
510 2032512
511 4655936
512 7029635
513 5981062
514 2549228
515 4507544
516 4127554
517 5527021
518 770960
519 2326680
520 900135
521 6752216
522 3236757
523 5571478
524 205719
525 2048921
526 4227994
527 931311
528 2638749
529 187205
530 6546339
531 3965860
532 1123237
533 6539719
534 6824504
535 5759912
536 6529180
537 1180587
538 5833644
539 1827757
540 3276422
541 1729455
542 6513584
543 4039603
544 1909686
545 1377208
546 3761081
547 4326331
548 3527667
549 459709
550 959423
551 7119809
552 6824898
553 2565059
554 6964165
555 2998433
556 1459145
557 2630602
558 6751179
559 4670417
560 1360850
561 7119827
562 3843811
563 2532312
564 639961
565 7119838
566 7098533
567 1090528
568 3382096
569 4867042
570 7002961
571 691293
572 7119202
573 660736
574 7128046
575 2901502
576 1131511
577 5434407
578 108246
579 2253819
580 4793340
581 4178942
582 2704384
583 7119873
584 6743048
585 2204681
586 3925004
587 7070733
588 7018183
589 4334607
590 6145040
591 1696785
592 6964242
593 4350996
594 200878
595 2307841
596 2475035
597 2042714
598 25632
599 2655265
600 2696226
601 7119907
602 6169636
603 7111717
604 1025062
605 6718503
606 6990684
607 4219947
608 2647084
609 5334061
610 459674
611 1611272
612 3318835
613 5973044
614 7128117
615 2483255
616 6194235
617 533564
618 1115200
619 4135776
620 1418309
621 6635471
622 2073671
623 7119946
624 250039
625 902220
626 6161487
627 1746004
628 6087765
629 5530710
630 3287339
631 2114652
632 2711738
633 17502
634 3646559
635 4760672
636 6997089
637 5186659
638 1270885
639 1999975
640 820328
641 5121129
642 2524267
643 7111788
644 2688109
645 6710382
646 918640
647 1049714
648 975987
649 2180213
650 6644854
651 6450025
652 7051717
653 7046266
654 1332808
655 1777857
656 503595
657 6882839
658 1811596
659 552696
660 6096014
661 1057935
662 1475728
663 1361433
664 6177944
665 484505
666 746651
667 2294940
668 2953413
669 4539552
670 6644897
671 6644902
672 214183
673 4883626
674 5153963
675 4498605
676 5162158
677 6636721
678 6073203
679 1230004
680 7005366
681 5719223
682 6259896
683 7002996
684 2831903
685 4056252
686 1728714
687 2032831
688 5203138
689 5910692
690 1246404
691 4703429
692 6661318
693 1540190
694 6643107
695 2000073
696 7080823
697 3237068
698 2520610
699 2243677
700 5399759
701 1787090
702 3438115
703 6585209
704 3204313
705 7087322
706 1164507
707 6612188
708 4508538
709 567331
710 1156319
711 2761952
712 4023521
713 1213666
714 7019387
715 7095889
716 2966757
717 7111910
718 3363025
719 6751465
720 7120106
721 2393323
722 2663660
723 853229
724 3581171
725 5989620
726 7060350
727 4433144
728 648442
729 1661823
730 7038204
731 5334272
732 7062786
733 3220740
734 1942791
735 3884188
736 5588240
737 2974993
738 6976456
739 1037870
740 6256583
741 5334295
742 6767897
743 1551993
744 1697052
745 910621
746 2155806
747 2517893
748 4785712
749 853282
750 5726427
751 1410340
752 3507494
753 189736
754 6235433
755 6112556
756 7128366
757 7128368
758 369969
759 1672498
760 6071859
761 7087412
762 7009191
763 5055800
764 5023034
765 762079
766 1615166
767 7120191
768 2745664
769 2590022
770 7120199
771 1557833
772 730442
773 7058999
774 7079244
775 402766
776 132433
777 4498771
778 697684
779 25943
780 1492313
781 66907
782 1434972
783 1205597
784 214366
785 4023647
786 1738080
787 7064464
788 7013730
789 968037
790 1385830
791 1997713
792 2319720
793 707371
794 1904871
795 1394029
796 1222000
797 2303346
798 304500
799 2565493
800 6063478
801 401641
802 7128440
803 7132491
804 4198634
805 1582462
806 6994736
807 5653892
808 3663239
809 2073994
810 222603
811 7128460
812 6743437
813 3286414
814 451984
815 861585
816 6656238
817 771479
818 7120281
819 5940637
820 1283653
821 7128482
822 5852059
823 5678501
824 3678793
825 1569009
826 91563
827 6061003
828 674717
829 6477384
830 1910195
831 4351412
832 7112117
833 1114919
834 7128504
835 1328569
836 3528334
837 2614718
838 989431
839 6370891
840 7087556
841 7128517
842 6660307
843 6071752
844 5461580
845 1066442
846 6817229
847 837072
848 7128529
849 6432212
850 6299897
851 7112152
852 2737625
853 3769818
854 2826490
855 6331301
856 4638177
857 6948322
858 7112163
859 7071206
860 4294225
861 1664488
862 6358505
863 2065898
864 3286507
865 1230316
866 2589302
867 860413
868 4630001
869 673266
870 5522931
871 6544297
872 4217855
873 5816575
874 6473214
875 5622917
876 2237953
877 5555714
878 2237955
879 427524
880 2251905
881 1483009
882 6088201
883 1558028
884 2078296
885 296466
886 262403
887 6604308
888 1809326
889 5719575
890 558617
891 5948954
892 3032605
893 7128609
894 7128667
895 2459178
896 1270023
897 271917
898 3671598
899 6604335
900 5645872
901 2278961
902 2663987
903 7087668
904 2915000
905 1230391
906 1631801
907 6374970
908 3941947
909 2188863
910 4159072
911 2172483
912 5998149
913 4829395
914 1914465
915 7005768
916 7035831
917 7112268
918 1316450
919 3294798
920 1033808
921 6891089
922 6358610
923 7022164
924 788053
925 5172861
926 5523032
927 4441689
928 2336347
929 2541150
930 7020385
931 5711457
932 5056100
933 7120488
934 2688618
935 2016875
936 1320559
937 6301296
938 6732676
939 6973042
940 155923
941 4523638
942 1941721
943 6923899
944 2279036
945 5988177
946 42623
947 1746560
948 435841
949 2311787
950 6751876
951 7071365
952 6833798
953 6028225
954 1828491
955 637890
956 5392015
957 4409858
958 2475668
959 1549974
960 2072857
961 593358
962 4713412
963 6645402
964 3259333
965 91808
966 569627
967 7126227
968 3270312
969 4141914
970 9899
971 7124470
972 5891757
973 7063214
974 2897774
975 786329
976 4843185
977 1902259
978 6941641
979 845497
980 9916
981 2639550
982 666465
983 139722
984 1402562
985 6825667
986 1664711
987 7071433
988 5392075
989 5564108
990 1224994
991 7022286
992 5138127
993 6989522
994 7099294
995 7119698
996 657110
997 4851419
998 6522589
999 7096032
1000 2221795
1001 6317796
1002 1033958
1003 4261607
1004 3679976
1005 6858474
1006 1623788
1007 6522605
1008 616174
1009 5326575
1010 4818673
1011 4007666
1012 7132280
1013 1786512
1014 6825599
1015 673532
1016 7128829
1017 6432510
1018 5909461
1019 2279169
1020 1771267
1021 4996573
1022 1672965
1023 3663622
1024 7128705
1025 3843848
1026 2765100
1027 5555978
1028 7120652
1029 6926647
1030 4104493
1031 7128848
1032 4109955
1033 7022357
1034 6224857
1035 1566488
1036 1140505
1037 2352922
1038 2549531
1039 2778908
1040 6081498
1041 5981982
1042 599839
1043 5490464
1044 2754337
1045 1752027
1046 591653
1047 2295590
1048 995717
1049 649002
1050 6477447
1051 7005996
1052 1845162
1053 7098135
1054 7128881
1055 6997810
1056 2811699
1057 1869620
1058 5323742
1059 2737974
1060 5187383
1061 6604600
1062 6850176
1063 6758505
1064 3024701
1065 2803519
1066 6522689
1067 5809987
1068 2046749
1069 3368773
1070 359393
1071 4212553
1072 1121250
1073 4810574
1074 4712271
1075 6506320
1076 7094584
1077 5848035
1078 2545294
1079 1165142
1080 1640279
1081 6862725
1082 3426137
1083 657244
1084 7127354
1085 5146466
1086 1714019
1087 1599332
1088 621542
1089 1124198
1090 2186215
1091 6645612
1092 4130536
1093 1679677
1094 1231848
1095 7027814
1096 4821310
1097 6252406
1098 1817577
1099 7128952
1100 4499092
1101 4646780
1102 6506365
1103 7127871
1104 4032386
1105 3554283
1106 4376452
1107 2152086
1108 6793094
1109 2606983
1110 6883208
1111 6850442
1112 3745431
1113 2934668
1114 3918399
1115 7063442
1116 5157187
1117 7038869
1118 919448
1119 7038876
1120 3278749
1121 3360671
1122 3852192
1123 6219681
1124 965493
1125 6674075
1126 6809508
1127 6383525
1128 7104422
1129 2866161
1130 6334376
1131 1730474
1132 5620749
1133 2604087
1134 3286959
1135 7104432
1136 2762673
1137 3365800
1138 7120824
1139 6735801
1140 1288123
1141 7071676
1142 1220938
1143 1238976
1144 3221444
1145 5179334
1146 3352519
1147 6643479
1148 51145
1149 4243554
1150 6767255
1151 7124642
1152 4163535
1153 7068664
1154 4605906
1155 4246472
1156 6735830
1157 2099159
1158 108504
1159 5547993
1160 2146639
1161 964353
1162 6490077
1163 6621151
1164 5982177
1165 5515235
1166 5670884
1167 2066405
1168 5957608
1169 1058794
1170 4311019
1171 67565
1172 4649299
1173 1779700
1174 715774
1175 2754550
1176 6207145
1177 4376570
1178 4868091
1179 6998012
1180 1681405
1181 2457941
1182 7112704
1183 2246657
1184 1353732
1185 3213321
1186 6621194
1187 2050059
1188 4925454
1189 755727
1190 4114448
1191 337937
1192 1918995
1193 1714197
1194 6776854
1195 6817815
1196 2242162
1197 5031961
1198 7129240
1199 1959963
1200 6400028
1201 3387738
1202 845854
1203 1869271
1204 3129691
1205 6064164
1206 4876325
1207 3934246
1208 1935399
1209 1476651
1210 2191709
1211 7120944
1212 372145
1213 1634025
1214 7129142
1215 2435128
1216 4466749
1217 6113342
1218 3442753
1219 6694978
1220 3983427
1221 7129787
1222 7098860
1223 7120967
1224 3024968
1225 6757439
1226 7120973
1227 10318
1228 7125330
1229 7088213
1230 723374
1231 1324729
1232 5122136
1233 7104604
1234 7129181
1235 4581472
1236 804963
1237 1632357
1238 6056039
1239 6957164
1240 1411181
1241 6367342
1242 4920287
1243 7131496
1244 3639410
1245 5571382
1246 1968244
1247 7082870
1248 6426985
1249 6678648
1250 690300
1251 1270122
1252 4786302
1253 2066560
1254 1570496
1255 796803
1256 4900996
1257 2205830
1258 5732033
1259 6629512
1260 7121033
1261 5802122
1262 4384907
1263 190604
1264 6072461
1265 1845391
1266 2943120
1267 1663376
1268 4794051
1269 987502
1270 1920025
1271 5810328
1272 3441830
1273 1345692
1274 2623646
1275 5687456
1276 7053680
1277 592036
1278 469158
1279 433495
1280 300743
1281 2197676
1282 3614894
1283 4881437
1284 4696240
1285 4125043
1286 6777012
1287 5293325
1288 2230455
1289 1517752
1290 1542329
1291 4065466
1292 1358879
1293 438163
1294 3049662
1295 5073087
1296 1026240
1297 1158309
1298 5859524
1299 4204741
1300 7121094
1301 1083594
1302 4518263
1303 870604
1304 7121101
1305 2074831
1306 6580433
1307 2648274
1308 5343443
1309 3069646
1310 4106454
1311 2812119
1312 4392655
1313 7121116
1314 7094650
1315 7009495
1316 1501408
1317 6899937
1318 6539490
1319 6580451
1320 4073700
1321 1928230
1322 458580
1323 3397329
1324 3709918
1325 5294314
1326 5425387
1327 771794
1328 7123325
1329 2042098
1330 2471635
1331 3729652
1332 1026293
1333 4840602
1334 6187255
1335 5728504
1336 4966651
1337 2674709
1338 2156797
1339 420094
1340 1820931
1341 3713285
1342 2427143
1343 4499721
1344 6121738
1345 1763595
1346 6809869
1347 3467143
1348 5343511
1349 4933915
1350 5490972
1351 1206557
1352 1698079
1353 3262752
1354 5245217
1355 7120603
1356 6605092
1357 1876358
1358 1870635
1359 7088427
1360 7129388
1361 457678
1362 3213618
1363 6998041
1364 2492726
1365 6490423
1366 43320
1367 7104825
1368 2967867
1369 6727998
1370 3213631
1371 1472286
1372 4534667
1373 6605124
1374 428357
1375 4036321
1376 3885384
1377 4901193
1378 4578188
1379 3819851
1380 3036898
1381 6424653
1382 5288333
1383 6146384
1384 6392145
1385 2214226
1386 182611
1387 5163352
1388 2027104
1389 1532303
1390 7080286
1391 2864869
1392 4655456
1393 1861985
1394 5990755
1395 2861412
1396 592230
1397 2132330
1398 1059179
1399 7022957
1400 7087848
1401 854387
1402 7063925
1403 1681000
1404 3582328
1405 2173305
1406 4819322
1407 5228923
1408 5990780
1409 7129469
1410 2435454
1411 706944
1412 2255235
1413 1862023
1414 2476424
1415 1894797
1416 1681808
1417 4712851
1418 4991381
1419 1083800
1420 2230681
1421 145135
1422 674205
1423 1742071
1424 6280944
1425 1485219
1426 1943972
1427 527430
1428 6711718
1429 5278119
1430 6072744
1431 6465961
1432 3279274
1433 4450731
1434 4114860
1435 2771373
1436 6597038
1437 1151389
1438 3369392
1439 5515697
1440 6212020
1441 567733
1442 7117897
1443 1935614
1444 6343099
1445 7006652
1446 6998464
1447 3254721
1448 6187458
1449 51652
1450 698821
1451 1229217
1452 27080
1453 6654412
1454 4508118
1455 3459543
1456 7129561
1457 1485275
1458 2337247
1459 207330
1460 5353894
1461 2419175
1462 345852
1463 7129341
1464 2237174
1465 592841
1466 3566069
1467 739830
1468 6726057
1469 2394297
1470 35323
1471 838140
1472 3369469
1473 3140095
1474 3377951
1475 7121410
1476 240133
1477 2836998
1478 854535
1479 1640968
1480 5188105
1481 1657354
1482 4123147
1483 7031308
1484 73464
1485 7006734
1486 1288720
1487 559633
1488 1804818
1489 3058196
1490 1407098
1491 6744598
1492 7088664
1493 1444377
1494 3631642
1495 1888687
1496 4462808
1497 5536858
1498 7121438
1499 4917791
1500 4409890
1501 4631643
1502 6302245
1503 6795697
1504 838185
1505 3992106
1506 2230827
1507 5196332
1508 7096877
1509 56007
1510 5048879
1511 7123359
1512 7080498
1513 821812
1514 2255413
1515 3017270
1516 4016696
1517 2640441
1518 5458493
1519 6892095
1520 7121478
1521 2353736
1522 7129673
1523 6392395
1524 4548873
1525 7124749
1526 2878033
1527 4024915
1528 7112462
1529 6605399
1530 789082
1531 5106267
1532 6240368
1533 3672669
1534 4131422
1535 2460255
1536 6580835
1537 4602982
1538 7129703
1539 1722985
1540 6854834
1541 7031406
1542 1638027
1543 7037605
1544 322164
1545 6400629
1546 2577611
1547 1755770
1548 6828654
1549 3789584
1550 6940437
1551 2404800
1552 112406
1553 1936008
1554 3787403
1555 6884575
1556 6728336
1557 2154799
1558 7056018
1559 5005763
1560 7113365
1561 6739455
1562 7072413
1563 2386590
1564 1231522
1565 6277795
1566 4917925
1567 7023271
1568 6294184
1569 5884586
1570 2222763
1571 6523566
1572 416357
1573 4549297
1574 1231541
1575 6826678
1576 6201801
1577 6483699
1578 4090555
1579 1149629
1580 7105215
1581 2132673
1582 2828994
1583 2589131
1584 5712580
1585 1682119
1586 1616586
1587 4607095
1588 818142
1589 1690318
1590 2697935
1591 6613712
1592 6261457
1593 4649071
1594 1074979
1595 5155540
1596 4321742
1597 6511131
1598 5581530
1599 25039
1600 7105246
1601 4704991
1602 4967547
1603 6391590
1604 3767420
1605 1510122
1606 527084
1607 1440028
1608 3541742
1609 6179567
1610 4254448
1611 5237490
1612 7123411
1613 7023350
1614 6245112
1615 5158138
1616 1592058
1617 2020048
1618 1239805
1619 6466302
1620 1436416
1621 1924224
1622 7097091
1623 3568086
1624 19207
1625 7121675
1626 3361550
1627 3322858
1628 2763540
1629 2905902
1630 2091798
1631 2198295
1632 6892313
1633 1551134
1634 5983007
1635 5196577
1636 3746594
1637 4893475
1638 4233009
1639 3894056
1640 446940
1641 6957866
1642 3058475
1643 2272044
1644 1984306
1645 7129902
1646 7129905
1647 5548850
1648 3443507
1649 7121716
1650 4811575
1651 7121721
1652 7061071
1653 928572
1654 420670
1655 625471
1656 4148032
1657 5579232
1658 6884163
1659 7113540
1660 1888737
1661 1682251
1662 4729678
1663 912207
1664 6482768
1665 4803409
1666 1608530
1667 7121747
1668 2836489
1669 4918101
1670 5925719
1671 7129946
1672 797532
1673 7129950
1674 5139297
1675 7129955
1676 5548901
1677 6974311
1678 6731580
1679 4552019
1680 1502063
1681 3787634
1682 6359923
1683 2009973
1684 6982518
1685 4112873
1686 4631418
1687 1174396
1688 2466282
1689 1469310
1690 2165631
1691 1747840
1692 6818689
1693 248708
1694 6802582
1695 1231750
1696 3499841
1697 6810505
1698 6957964
1699 2624399
1700 3255184
1701 4918161
1702 592790
1703 2304923
1704 1199004
1705 68509
1706 6278048
1707 7080866
1708 2829219
1709 1084325
1710 6718187
1711 1502120
1712 1129628
1713 1256367
1714 6919
1715 2389832
1716 2464144
1717 6351798
1718 6784841
1719 1362872
1720 4860266
1721 7121854
1722 7097284
1723 1641413
1724 2763718
1725 4410312
1726 2665417
1727 1182666
1728 1182667
1729 2329548
1730 1551311
1731 4903416
1732 4078755
1733 6884309
1734 2354138
1735 224219
1736 60380
1737 2219173
1738 1756131
1739 1788900
1740 5568138
1741 1795921
1742 3058664
1743 781289
1744 6628171
1745 6015981
1746 5835758
1747 6564847
1748 4664307
1749 551925
1750 560118
1751 19447
1752 2067449
1753 6753274
1754 2661546
1755 4705278
1756 1838084
1757 7007239
1758 7113736
1759 2264236
1760 7079990
1761 4104706
1762 7097361
1763 1931357
1764 117782
1765 1977367
1766 4058137
1767 6220827
1768 3116061
1769 4246558
1770 6722053
1771 2133026
1772 5846651
1773 7121957
1774 3992614
1775 1363121
1776 5147688
1777 4018190
1778 4115499
1779 3468466
1780 1233082
1781 2844509
1782 93233
1783 231175
1784 6753331
1785 6900788
1786 3441161
1787 1232052
1788 3542074
1789 6655035
1790 3779644
1791 6048829
1792 450270
1793 2092098
1794 2673734
1795 1943038
1796 7130185
1797 1846346
1798 1313867
1799 4680780
1800 6655054
1801 27727
1802 5532756
1803 281685
1804 1608889
1805 893195
1806 5016665
1807 1305691
1808 7089244
1809 1854557
1810 2583650
1811 4648036
1812 7122022
1813 2900497
1814 1002600
1815 5393516
1816 6354029
1817 7023728
1818 2362487
1819 6353428
1820 4652223
1821 6884477
1822 5131391
1823 4778867
1824 67435
1825 773253
1826 760897
1827 7048328
1828 7131671
1829 3869836
1830 3304597
1831 6245526
1832 3133977
1833 1617050
1834 4474735
1835 3050652
1836 4558576
1837 6778016
1838 5381561
1839 6745250
1840 1063141
1841 7122085
1842 3672306
1843 5672106
1844 1678535
1845 535724
1846 4533424
1847 847025
1848 2149554
1849 7097523
1850 1944756
1851 1576117
1852 1993910
1853 6679737
1854 16000
1855 3501244
1856 2714815
1857 6991041
1858 7018935
1859 5065926
1860 3404924
1861 7097544
1862 5213385
1863 4771018
1864 6548683
1865 5811405
1866 1494222
1867 5614801
1868 5778642
1869 5165408
1870 3210446
1871 1248470
1872 2370775
1873 527578
1874 6474973
1875 2116830
1876 2286117
1877 6606048
1878 4910305
1879 2329826
1880 2501859
1881 5517862
1882 6513338
1883 19688
1884 2378989
1885 7122158
1886 3435760
1887 3083505
1888 5926130
1889 6600356
1890 6114548
1891 6974709
1892 2247926
1893 7107113
1894 3222776
1895 1666298
1896 478461
1897 6590809
1898 4877568
1899 1060097
1900 7103019
1901 2075913
1902 1387786
1903 5721355
1904 2960652
1905 6786320
1906 7089425
1907 490847
1908 1363219
1909 2141460
1910 3009813
1911 6917400
1912 7027930
1913 5506949
1914 3884262
1915 5745956
1916 800646
1917 2837798
1918 1396007
1919 6663466
1920 4205867
1921 2051372
1922 7122221
1923 5609352
1924 1404210
1925 5950771
1926 470325
1927 2043191
1928 7119818
1929 675039
1930 4894013
1931 6253886
1932 3693792
1933 2344133
1934 1445187
1935 4001094
1936 1150177
1937 257352
1938 6442317
1939 1568078
1940 5770577
1941 7130451
1942 2815886
1943 1359116
1944 2968919
1945 5926234
1946 4484449
1947 4107621
1948 7062999
1949 1759121
1950 7026719
1951 1241660
1952 6353219
1953 6696300
1954 7126747
1955 3067248
1956 6761842
1957 62014
1958 4822459
1959 4803960
1960 4623737
1961 5442938
1962 3329404
1963 1191293
1964 5721470
1965 2959253
1966 3394075
1967 7032193
1968 2207106
1969 4976003
1970 6999431
1971 6933898
1972 7114125
1973 4779245
1974 4173200
1975 6064048
1976 535954
1977 5795219
1978 1133974
1979 6910697
1980 5787033
1981 7122332
1982 3091870
1983 5729696
1984 1375472
1985 5229987
1986 1060261
1987 1748209
1988 4650663
1989 2690473
1990 1409607
1991 1785478
1992 2772399
1993 708017
1994 3510
1995 4194889
1996 1052090
1997 6958525
1998 1543413
1999 2764224
2000 7056833
2001 5926338
2002 7051818
2003 4378052
2004 6356214
2005 2035142
2006 640929
2007 1118796
2008 2600395
2009 2051532
2010 3299234
2011 1019342
2012 7122384
2013 4566481
2014 5245458
2015 781780
2016 2170758
2017 6835671
2018 6942168
2019 750159
2020 4394460
2021 3898618
2022 6114782
2023 601567
2024 287631
2025 3214821
2026 6106600
2027 2181032
2028 6098418
2029 6868467
2030 7105790
2031 6983160
2032 1035769
2033 1641978
2034 7101052
2035 1068541
2036 6593792
2037 4206084
2038 1781254
2039 7073287
2040 7073289
2041 7107468
2042 1330921
2043 7007758
2044 6977453
2045 3296789
2046 2715158
2047 7115353
2048 380441
2049 3173916
2050 708126
2051 5729823
2052 2010656
2053 2076193
2054 5090851
2055 1682980
2056 4316631
2057 5525036
2058 1404461
2059 6449245
2060 5221935
2061 5312050
2062 355891
2063 405045
2064 6950454
2065 6749929
2066 7106104
2067 740923
2068 6606397
2069 7097918
2070 1374133
2071 1642048
2072 3004704
2073 6778435
2074 691780
2075 1265221
2076 979553
2077 6446348
2078 6559671
2079 1149900
2080 5437368
2081 6032978
2082 4829795
2083 6925908
2084 302350
2085 2952791
2086 7073369
2087 6614618
2088 6499931
2089 1486429
2090 1822303
2091 1093216
2092 1174800
2093 7130722
2094 7129531
2095 6753893
2096 1578273
2097 7114346
2098 6450795
2099 1781357
2100 2109038
2101 5615216
2102 4935281
2103 1887858
2104 2141811
2105 7132022
2106 2373331
2107 1453688
2108 3100281
2109 2690685
2110 6429303
2111 4714111
2112 1967594
2113 2625154
2114 7098743
2115 6999688
2116 2485897
2117 7032459
2118 4738700
2119 2854541
2120 159374
2121 5631631
2122 7122576
2123 7081618
2124 5705363
2125 6868629
2126 3796630
2127 3608215
2128 2723480
2129 4501145
2130 1025241
2131 770671
2132 3927709
2133 7114398
2134 5779103
2135 1511075
2136 1765028
2137 2107334
2138 4591270
2139 5992884
2140 2133676
2141 6631087
2142 2141874
2143 7098041
2144 1633978
2145 3854011
2146 7007932
2147 5951165
2148 6685881
2149 1994432
2150 1339074
2151 1374155
2152 7126569
2153 528070
2154 388808
2155 5664457
2156 5409676
2157 5484235
2158 1887948
2159 7106253
2160 3577805
2161 2354896
2162 5598933
2163 2985686
2164 970457
2165 7114459
2166 2661669
2167 5381816
2168 7114468
2169 6991590
2170 7073512
2171 2641641
2172 1391045
2173 1674988
2174 7024367
2175 4247280
2176 6790440
2177 7016179
2178 1208053
2179 2068214
2180 1380087
2181 6500088
2182 7114490
2183 828031
2184 118524
2185 4402942
2186 4542207
2187 6696704
2188 1462018
2189 4353796
2190 7047126
2191 1978118
2192 7114503
2193 1298184
2194 1937161
2195 6213386
2196 6014935
2197 2289421
2198 2215694
2199 85293
2200 4255504
2201 2200766
2202 6680338
2203 6508308
2204 7073557
2205 2363159
2206 6027226
2207 2327593
2208 7114527
2209 7124117
2210 1199905
2211 5517090
2212 2553819
2213 787652
2214 7082927
2215 7114534
2216 744753
2217 2600744
2218 2199337
2219 3100459
2220 495404
2221 7024429
2222 6139695
2223 4345648
2224 5926707
2225 5705524
2226 7122742
2227 6110516
2228 2113103
2229 3600191
2230 667456
2231 5746498
2232 1863491
2233 659268
2234 6827847
2235 1068873
2236 6098729
2237 6508368
2238 5312337
2239 6131540
2240 5336917
2241 6975318
2242 6483799
2243 7090008
2244 1552218
2245 4637327
2246 872284
2247 7122781
2248 1683294
2249 4722528
2250 2510689
2251 4214626
2252 2661275
2253 5656420
2254 6770535
2255 7130985
2256 3723116
2257 1681290
2258 6475631
2259 1896307
2260 2968208
2261 6336374
2262 1757048
2263 5467513
2264 2756475
2265 2764669
2266 4462010
2267 2600836
2268 240961
2269 1314697
2270 21143
2271 5803918
2272 1937295
2273 1082008
2274 6639506
2275 3329347
2276 2144476
2277 2273174
2278 3812814
2279 5280410
2280 1478558
2281 1724319
2282 3076000
2283 7090083
2284 6885287
2285 4181931
2286 2609068
2287 6525597
2288 6950832
2289 1798067
2290 6901685
2291 126902
2292 7032759
2293 1691049
2294 7100970
2295 2964810
2296 7075567
2297 6934466
2298 4747204
2299 2779126
2300 5698209
2301 2707402
2302 6398481
2303 5361614
2304 7114703
2305 3370960
2306 7098321
2307 1093586
2308 2035668
2309 6827342
2310 477777
2311 7122904
2312 2068443
2313 7127717
2314 1617888
2315 6127649
2316 7123297
2317 6180839
2318 2043880
2319 1724393
2320 208875
2321 7105029
2322 5132269
2323 1339374
2324 282607
2325 4771824
2326 1640377
2327 3346418
2328 2321747
2329 866302
2330 6721526
2331 4040045
2332 4304888
2333 2365706
2334 2600955
2335 1765372
2336 7122941
2337 880640
2338 1513472
2339 2289666
2340 4575237
2341 536582
2342 1208563
2343 1765384
2344 1437418
2345 6893578
2346 6987188
2347 5828621
2348 6787086
2349 4288527
2350 5263378
2351 3534867
2352 594606
2353 817442
2354 7121943
2355 61465
2356 3903514
2357 7073821
2358 4255774
2359 4263967
2360 7098401
2361 1126434
2362 6606884
2363 4304934
2364 7122983
2365 2928682
2366 7043079
2367 3750079
2368 3379247
2369 3903536
2370 5989043
2371 2453557
2372 2379830
2373 2707511
2374 6606906
2375 3444795
2376 1460234
2377 6811710
2378 2486336
2379 6008897
2380 3698755
2381 2273974
2382 2187901
2383 7114823
2384 4116554
2385 405579
2386 530428
2387 5419086
2388 659535
2389 2003640
2390 2306130
2391 7065685
2392 1214393
2393 995416
2394 1986649
2395 1724506
2396 3846236
2397 2011229
2398 6537523
2399 1085536
2400 3551330
2401 4984931
2402 6336612
2403 6705253
2404 1085542
2405 6164583
2406 3575856
2407 2117743
2408 1978480
2409 5951601
2410 7090291
2411 3321974
2412 5976183
2413 5509240
2414 4345978
2415 127102
2416 997397
2417 6443136
2418 6934658
2419 4152683
2420 4042884
2421 2019461
2422 1822858
2423 5722253
2424 1634447
2425 1763680
2426 3584146
2427 1011859
2428 364694
2429 6662169
2430 6278231
2431 2511005
2432 1372324
2433 2364102
2434 1790118
2435 2043156
2436 2273451
2437 1814700
2438 6688941
2439 5001390
2440 1558003
2441 7028083
2442 6394036
2443 5058741
2444 225463
2445 1613651
2446 1798331
2447 2314428
2448 3048138
2449 6401397
2450 4722880
2451 1822913
2452 7065796
2453 7057605
2454 1847494
2455 1249482
2456 2691276
2457 831697
2458 5455248
2459 12499
2460 3949262
2461 512215
2462 4763864
2463 3682524
2464 1650042
2465 4927710
2466 1927205
2467 2158817
2468 4813028
2469 7022657
2470 4977361
2471 6803688
2472 6975721
2473 6918378
2474 2437355
2475 2298092
2476 7016686
2477 2593007
2478 6697201
2479 16784
2480 6607091
2481 438518
2482 1516244
2483 101759
2484 2158844
2485 6753967
2486 1052926
2487 3494613
2488 3845504
2489 4387075
2490 7106822
2491 6024577
2492 4141321
2493 6839894
2494 200973
2495 1401249
2496 217359
2497 1151704
2498 3084562
2499 7074067
2500 4894996
2501 1126679
2502 3233190
2503 3494170
2504 2762799
2505 4608284
2506 1011997
2507 3485985
2508 6902050
2509 1762321
2510 6467878
2511 6020729
2512 3592488
2513 2445610
2514 523655
2515 241964
2516 7123245
2517 6992605
2518 6928435
2519 1274164
2520 7101221
2521 1995063
2522 2675001
2523 4149983
2524 4985150
2525 2380096
2526 1446210
2527 6672707
2528 237195
2529 5787973
2530 5919046
2531 6817255
2532 1823050
2533 2294521
2534 5182178
2535 78159
2536 7049955
2537 7115095
2538 6107481
2539 1986906
2540 1790299
2541 1954141
2542 3346784
2543 6339984
2544 2953570
2545 2093412
2546 4801254
2547 654737
2548 4583784
2549 1732969
2550 6246765
2551 7106926
2552 2560367
2553 282992
2554 1184115
2555 7106933
2556 7033207
2557 7115133
2558 7098753
2559 889218
2560 5546731
2561 4379012
2562 904598
2563 4029147
2564 38977
2565 4554377
2566 7131529
2567 5016869
2568 3535244
2569 7115149
2570 1601934
2571 6219843
2572 3676405
2573 1610140
2574 1946013
2575 4233285
2576 7106976
2577 7115169
2578 6885794
2579 6443428
2580 5034406
2581 4051368
2582 2847145
2583 6313429
2584 7008684
2585 3436973
2586 1526956
2587 7123375
2588 168368
2589 6885809
2590 6885812
2591 4230558
2592 6787510
2593 1020344
2594 7129322
2595 3428794
2596 1364411
2597 1282495
2598 1659328
2599 1020353
2600 2134469
2601 2560458
2602 3367671
2603 2182167
2604 7131598
2605 1610191
2606 1748384
2607 6746579
2608 5689813
2609 365014
2610 2380247
2611 1561048
2612 3461596
2613 4526558
2614 1593824
2615 2085345
2616 2085346
2617 6574565
2618 1618406
2619 6121553
2620 3207656
2621 2304892
2622 1569258
2623 5452267
2624 4346348
2625 184814
2626 3830255
2627 7057906
2628 1446387
2629 2339316
2630 1438197
2631 1790455
2632 2658808
2633 750073
2634 7069312
2635 7090943
2636 5698049
2637 3423659
2638 3166725
2639 1405529
2640 4203265
2641 758280
2642 6812171
2643 4444685
2644 4950104
2645 6943250
2646 2642451
2647 2249236
2648 1356310
2649 800857
2650 3830296
2651 4559385
2652 3797532
2653 2824282
2654 4018718
2655 788223
2656 3390896
2657 7074338
2658 2709595
2659 6757523
2660 3133989
2661 2216486
2662 495025
2663 1110568
2664 193065
2665 5427754
2666 6189613
2667 6326365
2668 1702045
2669 1856051
2670 6984244
2671 4272693
2672 3772982
2673 6779448
2674 2568761
2675 2103816
2676 2806331
2677 5050940
2678 1782334
2679 3994176
2680 3541088
2681 1667650
2682 2261547
2683 4551239
2684 143948
2685 733774
2686 6734605
2687 4960848
2688 610898
2689 6554134
2690 3797593
2691 6754906
2692 1716827
2693 1287338
2694 3969630
2695 6058591
2696 5067360
2697 6402657
2698 2489787
2699 2323044
2700 7131753
2701 7049838
2702 733807
2703 6976112
2704 6582898
2705 3224180
2706 3863157
2707 6713976
2708 6333204
2709 7104778
2710 923799
2711 6632061
2712 7107198
2713 5591829
2714 7114176
2715 7107202
2716 1364343
2717 7101505
2718 1479304
2719 4135020
2720 7107211
2721 6623884
2722 11714
2723 1921683
2724 6574740
2725 455317
2726 1929879
2727 78489
2728 1430170
2729 3108259
2730 4698782
2731 3535519
2732 5370529
2733 2478754
2734 7129057
2735 6353572
2736 6886053
2737 2089756
2738 6537392
2739 1456242
2740 2151086
2741 799407
2742 3797680
2743 7115441
2744 2839218
2745 2242675
2746 4305590
2747 1995447
2748 3295645
2749 6369981
2750 7008959
2751 3101378
2752 6950347
2753 266949
2754 4281030
2755 3822280
2756 1856201
2757 4600522
2758 5335159
2759 4305613
2760 1561296
2761 7041745
2762 6664914
2763 6579911
2764 5640917
2765 6329046
2766 3520633
2767 897752
2768 4379353
2769 2589852
2770 1127133
2771 4764383
2772 4591056
2773 2585314
2774 5182179
2775 152292
2776 4772581
2777 381671
2778 3314409
2779 3175207
2780 1966563
2781 884178
2782 5642365
2783 3953395
2784 3486452
2785 7033589
2786 594678
2787 148265
2788 3986168
2789 2192121
2790 7115517
2791 6771455
2792 1316883
2793 6927105
2794 529155
2795 2560772
2796 7107333
2797 168710
2798 7129217
2799 2192137
2800 5518090
2801 1807115
2802 7131916
2803 1974583
2804 3175183
2805 5542672
2806 2864106
2807 6009618
2808 5452563
2809 3169077
2810 2568982
2811 3814167
2812 316185
2813 6517551
2814 6042397
2815 766752
2816 119587
2817 4395812
2818 2066566
2819 5935911
2820 6288168
2821 2544425
2822 1102634
2823 1159980
2824 4436781
2825 176943
2826 5411634
2827 6525750
2828 6084745
2829 5133115
2830 168764
2831 2167421
2832 3920707
2833 7033668
2834 1119045
2835 1880905
2836 5894986
2837 13111
2838 401973
2839 1741648
2840 7131985
2841 1839954
2842 2970451
2843 5329750
2844 3543896
2845 684889
2846 3696812
2847 7076689
2848 1880929
2849 4825915
2850 1577828
2851 144229
2852 7123814
2853 5137181
2854 1409852
2855 750443
2856 758638
2857 1168240
2858 1258354
2859 4060021
2860 5952374
2861 3921960
2862 1374356
2863 1782651
2864 1700734
2865 2173077
2866 6988608
2867 6446017
2868 2257795
2869 6181768
2870 4111852
2871 1930122
2872 594827
2873 7116244
2874 1880974
2875 1438609
2876 7047503
2877 6542227
2878 6091668
2879 2200470
2880 7127974
2881 1061784
2882 7115673
2883 5886874
2884 2110363
2885 7091100
2886 5813149
2887 1536926
2888 2392901
2889 2473759
2890 865188
2891 136102
2892 2233255
2893 2806698
2894 7025580
2895 3257263
2896 6411187
2897 2757556
2898 5351582
2899 3961673
2900 5362616
2901 6808207
2902 1267871
2903 782205
2904 5878720
2905 5728416
2906 1885641
2907 881603
2908 4477892
2909 2921415
2910 6362056
2911 7123913
2912 1640137
2913 848843
2914 7066572
2915 5723087
2916 6311689
2917 1151953
2918 6034386
2919 5845971
2920 1659860
2921 62421
2922 7058393
2923 5686095
2924 6411229
2925 2249694
2926 21471
2927 2665538
2928 5560486
2929 6616041
2930 246573
2931 3240939
2932 6992877
2933 2667504
2934 3707889
2935 5915186
2936 2130506
2937 5100534
2938 6939576
2939 5182457
2940 873467
2941 6943740
2942 1782781
2943 1127422
2944 7115775
2945 6779906
2946 6984707
2947 1543574
2948 6034439
2949 7132169
2950 5686103
2951 1938332
2952 7107601
2953 3830802
2954 4019220
2955 321710
2956 6232795
2957 4158488
2958 6009570
2959 1497263
2960 1422364
2961 259101
2962 4843529
2963 6446225
2964 1553442
2965 6544317
2966 4625446
2967 2110503
2968 1097223
2969 5068978
2970 500573
2971 1143857
2972 3418291
2973 6984756
2974 5755957
2975 6853687
2976 422968
2977 390201
2978 3989071
2979 1184828
2980 6861885
2981 5755968
2982 5653344
2983 2274370
2984 2044769
2985 2561055
2986 2962505
2987 7115850
2988 7074891
2989 3208268
2990 1900376
2991 5976758
2992 7107667
2993 6386772
2994 1568270
2995 3347543
2996 4715610
2997 1358010
2998 7017317
2999 3380321
3000 1045603
3001 2050582
3002 7126617
3003 4437096
3004 1643627
3005 971884
3006 6544914
3007 7132271
3008 1332337
3009 7050354
3010 1080851
3011 469182
3012 7099512
3013 3407380
3014 5133434
3015 7115899
3016 1799292
3017 3343397
3018 1897598
3019 6411391
3020 5362816
3021 5534849
3022 7054187
3023 4953222
3024 996487
3025 4379786
3026 6485132
3027 7074957
3028 873615
3029 4568208
3030 2224171
3031 2471059
3032 6345876
3033 4076693
3034 7074966
3035 21656
3036 1222852
3037 1927340
3038 3490155
3039 4797596
3040 2127005
3041 764101
3042 1414000
3043 3126435
3044 2602148
3045 3323046
3046 1741992
3047 1651882
3048 7124139
3049 201900
3050 2528114
3051 6755503
3052 5493937
3053 6444213
3054 4011192
3055 6288574
3056 6239093
3057 3546656
3058 2356420
3059 6649029
3060 2471111
3061 1717448
3062 6264009
3063 2618571
3064 1897676
3065 2184397
3066 6370510
3067 4158672
3068 6280401
3069 6862038
3070 4658391
3071 1071940
3072 4142297
3073 6870235
3074 1111260
3075 7015847
3076 7009503
3077 1864929
3078 6676530
3079 1447140
3080 7009511
3081 6886635
3082 2631890
3083 3560686
3084 6960368
3085 2217202
3086 1422579
3087 87285
3088 2667766
3089 169207
3090 2823416
3091 7058681
3092 6010106
3093 4502780
3094 3847422
3095 4076800
3096 1422594
3097 2815237
3098 1094918
3099 2815239
3100 6975020
3101 5195991
3102 660748
3103 251149
3104 5985550
3105 996623
3106 2913553
3107 3121193
3108 1424377
3109 1242388
3110 2148215
3111 7124247
3112 2150797
3113 4607535
3114 3298588
3115 3069214
3116 7116064
3117 1705889
3118 4928804
3119 3077413
3120 2086182
3121 5788967
3122 6990044
3123 1448157
3124 7099696
3125 4772744
3126 554291
3127 5379380
3128 3373278
3129 578871
3130 4732216
3131 406844
3132 5952831
3133 6255939
3134 13636
3135 5230134
3136 6801633
3137 1504584
3138 4994377
3139 3806539
3140 2118989
3141 3503438
3142 5455
3143 2422098
3144 5810403
3145 2544980
3146 7034197
3147 1906006
3148 7099738
3149 7083355
3150 468442
3151 193886
3152 5264735
3153 3530201
3154 3782039
3155 2930024
3156 4677180
3157 2684266
3158 170215
3159 7066988
3160 3445650
3161 1521009
3162 4355442
3163 258235
3164 2660467
3165 7131356
3166 6174075
3167 1947882
3168 2280956
3169 4740481
3170 316803
3171 7058820
3172 4978053
3173 7091590
3174 6528577
3175 1635720
3176 6722954
3177 7044792
3178 1701260
3179 2651534
3180 6697880
3181 6643267
3182 3831191
3183 1766810
3184 7119770
3185 5556635
3186 2749856
3187 5125537
3188 980386
3189 4830627
3190 7016994
3191 832934
3192 2472177
3193 1397660
3194 1897898
3195 2371143
3196 6706605
3197 6927791
3198 4421041
3199 6591925
3200 644536
3201 1698036
3202 5117370
3203 3986356
3204 1447356
3205 1840575
3206 1545667
3207 2652167
3208 2373062
3209 7075271
3210 3708361
3211 2033911
3212 3749324
3213 6518221
3214 6985166
3215 2110928
3216 3819768
3217 7108050
3218 3986899
3219 4658644
3220 5576149
3221 3560918
3222 5936599
3223 1565604
3224 7085647
3225 7124445
3226 7124446
3227 7062437
3228 1599739
3229 6624740
3230 7132645
3231 793229
3232 3012073
3233 5313447
3234 2752995
3235 1480173
3236 6977006
3237 1881583
3238 2799089
3239 4339188
3240 2038014
3241 3773942
3242 964089
3243 6583803
3244 1766908
3245 1291775
3246 6682112
3247 2403072
3248 7116293
3249 2340361
3250 2283019
3251 5477902
3252 6960655
3253 677392
3254 6731281
3255 4871700
3256 2629209
3257 5727833
3258 3814939
3259 6657565
3260 6612952
3261 6780447
3262 2672366
3263 1512994
3264 1685027
3265 5330469
3266 2689287
3267 1234478
3268 3448160
3269 201651
3270 2684468
3271 4232757
3272 7099959
3273 6566836
3274 4290106
3275 7130719
3276 4658748
3277 6965514
3278 6960705
3279 3102274
3280 2558219
3281 7075397
3282 7067206
3283 7086534
3284 5895755
3285 6649420
3286 1029709
3287 1611342
3288 2106296
3289 7099986
3290 3923871
3291 1029717
3292 4126294
3293 6837847
3294 7075416
3295 4527707
3296 3583589
3297 7018080
3298 7108880
3299 390754
3300 2184123
3301 2692709
3302 3126891
3303 3049945
3304 7124591
3305 3855985
3306 4339314
3307 7116404
3308 6518389
3309 3339897
3310 6329978
3311 6772347
3312 6977148
3313 3803171
3314 2051691
3315 1931542
3316 2594438
3317 6882241
3318 2561672
3319 2823818
3320 1758859
3321 30349
3322 5871563
3323 1250959
3324 6559379
3325 7124630
3326 2641000
3327 1513115
3328 7115733
3329 1022036
3330 1922721
3331 1578658
3332 1365668
3333 6215333
3334 1644199
3335 2184872
3336 7124649
3337 1898156
3338 2135729
3339 2551411
3340 1644213
3341 2062007
3342 702136
3343 2078393
3344 349884
3345 767677
3346 2954943
3347 2619072
3348 2062017
3349 5745183
3350 4175556
3351 3840699
3352 7132870
3353 3852577
3354 2127560
3355 1996493
3356 4044494
3357 5674704
3358 1252984
3359 407843
3360 210647
3361 6993627
3362 866013
3363 6707493
3364 2766561
3365 358114
3366 997093
3367 5379816
3368 6747881
3369 3560007
3370 3127021
3371 890607
3372 1554160
3373 1890033
3374 2462876
3375 5903315
3376 4116094
3377 2222677
3378 5388585
3379 1578744
3380 5351722
3381 5797631
3382 4822784
3383 1775361
3384 1264105
3385 7080235
3386 7075588
3387 6788870
3388 7132935
3389 2782987
3390 2217740
3391 7123639
3392 1283856
3393 4622909
3394 145174
3395 3920857
3396 2193179
3397 1292062
3398 2717471
3399 1464096
3400 1767202
3401 1603364
3402 450182
3403 171655
3404 2922284
3405 513838
3406 3773405
3407 6573704
3408 390964
3409 5751774
3410 1412745
3411 6879032
3412 452916
3413 2297845
3414 2742076
3415 6692490
3416 7124799
3417 5198816
3418 6774411
3419 5904694
3420 4822855
3421 4724552
3422 6895433
3423 5896011
3424 7092045
3425 3176270
3426 7124815
3427 6698834
3428 5248851
3429 6821716
3430 2094933
3431 3274582
3432 805177
3433 4730511
3434 2045789
3435 1217509
3436 1865569
3437 1648955
3438 7118035
3439 571239
3440 5912428
3441 1742702
3442 7067504
3443 808823
3444 1931129
3445 1177466
3446 2307963
3447 546685
3448 2072213
3449 5175168
3450 6797185
3451 3782530
3452 6921878
3453 2918903
3454 6005603
3455 1557484
3456 6799032
3457 808845
3458 505742
3459 4484414
3460 202641
3461 2094994
3462 2531609
3463 6870934
3464 1365914
3465 5175195
3466 1832860
3467 3676061
3468 3304143
3469 1728824
3470 5542896
3471 3192738
3472 6297507
3473 6862757
3474 7124902
3475 4683688
3476 2783147
3477 5699500
3478 743341
3479 907182
3480 7067568
3481 2148680
3482 2045875
3483 14261
3484 1357750
3485 1354057
3486 1775544
3487 628667
3488 7067580
3489 248138
3490 1562558
3491 750144
3492 6412226
3493 7084363
3494 6464608
3495 3209157
3496 5593031
3497 2000244
3498 5339082
3499 6972407
3500 6092748
3501 3954637
3502 5101522
3503 3788061
3504 4986838
3505 5469177
3506 1497049
3507 7100378
3508 6977499
3509 6567902
3510 2717663
3511 2316256
3512 6875472
3513 6891781
3514 6248421
3515 6756326
3516 422908
3517 1382379
3518 1190226
3519 3315696
3520 1333233
3521 6703016
3522 2999294
3523 4454390
3524 5830647
3525 2054136
3526 2357242
3527 7059452
3528 6544760
3529 2160638
3530 276480
3531 7037952
3532 1464322
3533 6445061
3534 4137985
3535 5918380
3536 4380683
3537 5175308
3538 2471950
3539 2799631
3540 1516603
3541 751634
3542 4175891
3543 55317
3544 7116822
3545 6080651
3546 6467247
3547 7124277
3548 7075870
3549 2852965
3550 1972257
3551 4528164
3552 1972264
3553 6871083
3554 1038381
3555 6412334
3556 7026735
3557 1423408
3558 56672
3559 4094003
3560 1316917
3561 2078774
3562 427017
3563 3250233
3564 5036090
3565 6297661
3566 556725
3567 5765185
3568 2054211
3569 5396936
3570 5675077
3571 4905032
3572 3217481
3573 2676675
3574 1025037
3575 1144913
3576 5167187
3577 3094612
3578 1644633
3579 1325146
3580 7021583
3581 6983354
3582 923744
3583 4831329
3584 4175971
3585 2330316
3586 7100517
3587 1505382
3588 1737745
3589 1767528
3590 7129379
3591 4855914
3592 4290667
3593 2906220
3594 1751150
3595 4823151
3596 2979952
3597 3692657
3598 5191794
3599 1153139
3600 6248564
3601 6416326
3602 186489
3603 3094650
3604 2058602
3605 2177150
3606 1128575
3607 1931396
3608 3586182
3609 6060167
3610 1611913
3611 1079437
3612 7002256
3613 7126107
3614 2570387
3615 1726612
3616 7125141
3617 6120358
3618 3889307
3619 2930845
3620 1087647
3621 1431714
3622 7108771
3623 4544676
3624 3053734
3625 1325226
3626 7110832
3627 6502572
3628 2906286
3629 14511
3630 2717873
3631 14514
3632 6592692
3633 1461867
3634 7125177
3635 2054330
3636 4028603
3637 7125180
3638 6887614
3639 6715583
3640 6305985
3641 833735
3642 1969868
3643 5142730
3644 1711376
3645 3632845
3646 571602
3647 7117013
3648 1972440
3649 1538268
3650 5347706
3651 5765342
3652 7092447
3653 537638
3654 579815
3655 6707432
3656 3201257
3657 3242218
3658 6435879
3659 7100653
3660 6969118
3661 2136049
3662 4110577
3663 2849010
3664 7100661
3665 1456637
3666 2065449
3667 7108856
3668 1085437
3669 5757180
3670 2177278
3671 3908641
3672 6445319
3673 2095368
3674 1661194
3675 2775426
3676 5642447
3677 5781775
3678 4593936
3679 2087185
3680 3901827
3681 2365716
3682 7043350
3683 2021659
3684 3963164
3685 2758944
3686 2365730
3687 1285851
3688 7025498
3689 1775909
3690 7099441
3691 2178780
3692 1906986
3693 5253511
3694 3553583
3695 838748
3696 7108913
3697 1603891
3698 7125301
3699 2029878
3700 6052153
3701 7043389
3702 2963775
3703 5257536
3704 2005313
3705 5880132
3706 4864325
3707 5634374
3708 6764871
3709 3144011
3710 1485197
3711 7131569
3712 2660690
3713 2750809
3714 3922266
3715 3420046
3716 1767772
3717 5249373
3718 7125343
3719 4290960
3720 1082427
3721 2716039
3722 6986086
3723 6420840
3724 1038697
3725 6314346
3726 711019
3727 2021740
3728 6445522
3729 1399153
3730 5683570
3731 5786003
3732 4725108
3733 3702505
3734 7051642
3735 5544315
3736 3660156
3737 4487549
3738 1030526
3739 977301
3740 1850501
3741 7100802
3742 1776004
3743 3834994
3744 6855046
3745 530823
3746 547209
3747 5126538
3748 6207886
3749 6928783
3750 1595792
3751 2734488
3752 1014162
3753 981396
3754 2043935
3755 227736
3756 2161050
3757 4807072
3758 6991600
3759 6085027
3760 3266981
3761 2693542
3762 2849191
3763 7125416
3764 6412713
3765 1131591
3766 965036
3767 7125422
3768 1972655
3769 7100849
3770 2120114
3771 607160
3772 113079
3773 416185
3774 924090
3775 63934
3776 440768
3777 738379
3778 3283396
3779 7109061
3780 7123822
3781 2062792
3782 1208240
3783 1202637
3784 7076303
3785 7133649
3786 3848658
3787 6822355
3788 7084501
3789 2202070
3790 2161111
3791 1071576
3792 2079194
3793 7092699
3794 7068126
3795 6529270
3796 39396
3797 1636838
3798 1423847
3799 6732264
3800 3534588
3801 2406891
3802 1488795
3803 7092722
3804 6380021
3805 2546166
3806 2849193
3807 6388216
3808 980052
3809 5618171
3810 1587708
3811 7109117
3812 2742784
3813 6363649
3814 5978626
3815 817579
3816 3512838
3817 1194504
3818 3959212
3819 432651
3820 940556
3821 2244354
3822 5757454
3823 563729
3824 1407509
3825 7125527
3826 4749848
3827 3844527
3828 7084572
3829 5052957
3830 6617633
3831 5036579
3832 5003813
3833 6789671
3834 7051817
3835 6969898
3836 7129522
3837 5429808
3838 6584881
3839 3324339
3840 844894
3841 312832
3842 1679113
3843 3045945
3844 1776186
3845 6726751
3846 2954731
3847 1885280
3848 6810512
3849 5724739
3850 1933979
3851 7076421
3852 6590104
3853 6867383
3854 2248461
3855 563792
3856 6797906
3857 1718867
3858 618254
3859 6968929
3860 7133783
3861 1751640
3862 2488922
3863 1874524
3864 1981025
3865 5147067
3866 1923685
3867 1383014
3868 2308714
3869 3384423
3870 5732972
3871 4422255
3872 7092849
3873 1890470
3874 7002558
3875 1612407
3876 2914936
3877 1194617
3878 6068860
3879 1596029
3880 6388352
3881 7132035
3882 2185859
3883 7117445
3884 5174380
3885 2826007
3886 7109261
3887 465550
3888 3185295
3889 3029648
3890 3238389
3891 7117251
3892 7076500
3893 7125654
3894 3947159
3895 645786
3896 5500287
3897 6011551
3898 1759905
3899 6339238
3900 1063591
3901 5297118
3902 2587305
3903 6519466
3904 4455083
3905 1184882
3906 1563311
3907 4086448
3908 6842824
3909 4143797
3910 4962998
3911 3463863
3912 4094648
3913 2456249
3914 7117499
3915 7119226
3916 6814400
3917 2218690
3918 5388995
3919 4348613
3920 7035590
3921 6926113
3922 3107221
3923 4799180
3924 6445773
3925 6224590
3926 5708496
3927 1792721
3928 7101138
3929 4112163
3930 7117524
3931 4053718
3932 2511993
3933 2603738
3934 424399
3935 965341
3936 4233330
3937 1153762
3938 5470947
3939 1104613
3940 1473254
3941 5067900
3942 806695
3943 1882861
3944 5192431
3945 7102248
3946 3447538
3947 6727592
3948 5962484
3949 2451199
3950 4446966
3951 3406583
3952 1350392
3953 1317628
3954 5153910
3955 7092990
3956 7092992
3957 7009408
3958 170754
3959 1735427
3960 4610821
3961 588551
3962 6036232
3963 1202954
3964 7133963
3965 2159577
3966 7001219
3967 3930901
3968 1448726
3969 2153239
3970 4709145
3971 3421742
3972 7109405
3973 6445855
3974 3177249
3975 2669346
3976 7104987
3977 2161445
3978 5503782
3979 965415
3980 6748968
3981 990513
3982 6232876
3983 637742
3984 4571521
3985 5192497
3986 7118643
3987 4159966
3988 1342263
3989 7109432
3990 4615988
3991 5515743
3992 6863676
3993 179005
3994 1301310
3995 4954943
3996 3791680
3997 1416001
3998 449346
3999 3029827
4000 2325316
4001 6041398
4002 6781409
4003 49606
4004 5045065
4005 7134028
4006 1440592
4007 7125841
4008 3160914
4009 531288
4010 129882
4011 2598031
4012 2488828
4013 6642527
4014 432992
4015 2210659
4016 6273510
4017 5535809
4018 2924462
4019 1334120
4020 2186839
4021 7117683
4022 1547124
4023 1547125
4024 1997686
4025 7125879
4026 7115924
4027 3231551
4028 2186110
4029 6780053
4030 3165057
4031 2235268
4032 2471062
4033 134989
4034 7084935
4035 4225928
4036 6904713
4037 4129943
4038 572300
4039 7101327
4040 1645456
4041 5387416
4042 1096594
4043 2677652
4044 3505045
4045 3169174
4046 7109527
4047 1457048
4048 7109529
4049 5263301
4050 7076763
4051 1825692
4052 6968231
4053 4349207
4054 4717477
4055 7003046
4056 2497448
4057 3267497
4058 5913514
4059 5921707
4060 4938668
4061 1980914
4062 7084974
4063 5233584
4064 2276273
4065 228275
4066 695220
4067 56245
4068 7027638
4069 7125943
4070 6839229
4071 4479934
4072 1935861
4073 6626241
4074 1547202
4075 4987844
4076 1505782
4077 6110151
4078 6732744
4079 106316
4080 7067769
4081 252875
4082 6306764
4083 4127694
4084 2104271
4085 7101392
4086 482257
4087 7125970
4088 5528533
4089 4152281
4090 5824144
4091 7060443
4092 5544926
4093 3458847
4094 4979681
4095 6614668
4096 4684771
4097 6108326
4098 80870
4099 2289489
4100 4919539
4101 1883113
4102 359402
4103 6612135
4104 7129597
4105 3890160
4106 973809
4107 589651
4108 23543
4109 6560760
4110 2559828
4111 1448956
4112 408573
4113 1923370
4114 2866175
4115 1842176
4116 703490
4117 3603459
4118 6528006
4119 2520869
4120 5635081
4121 3570698
4122 6213463
4123 785420
4124 3949857
4125 328877
4126 6986768
4127 4799505
4128 4348947
4129 1784857
4130 1522714
4131 1145883
4132 1085274
4133 5143582
4134 711711
4135 5389331
4136 4168737
4137 4406307
4138 5958150
4139 7109670
4140 2169895
4141 1801257
4142 6216746
4143 2034183
4144 2551775
4145 6281736
4146 2221235
4147 1883998
4148 3669047
4149 6957395
4150 6741052
4151 89149
4152 4560053
4153 4439105
4154 4652098
4155 3062283
4156 228420
4157 877750
4158 6320339
4159 3390535
4160 2679238
4161 1317961
4162 1449035
4163 3078106
4164 2759762
4165 1565509
4166 2251860
4167 367702
4168 4331755
4169 4073430
4170 4209754
4171 6978651
4172 7076956
4173 2423901
4174 2364175
4175 3726433
4176 6995042
4177 4635748
4178 1014886
4179 1017020
4180 2464876
4181 6429805
4182 5741678
4183 2129037
4184 72819
4185 6452414
4186 6446512
4187 6457876
4188 7126139
4189 2047100
4190 6929536
4191 2071681
4192 433283
4193 4250757
4194 646278
4195 1252487
4196 203912
4197 6274186
4198 1205442
4199 1850510
4200 7019664
4201 1252497
4202 1735827
4203 4586646
4204 1793177
4205 3669146
4206 1555612
4207 6314949
4208 4111519
4209 6773923
4210 7036068
4211 5252294
4212 6208028
4213 580778
4214 7126188
4215 7019693
4216 7109810
4217 7126195
4218 6061238
4219 5428425
4220 2092659
4221 4831852
4222 1481919
4223 3325121
4224 1391810
4225 2437284
4226 4357673
4227 6289953
4228 7118026
4229 3353122
4230 589006
4231 987000
4232 1580243
4233 7134420
4234 1563863
4235 2330033
4236 23770
4237 3292380
4238 908509
4239 1137887
4240 3947744
4241 1912997
4242 6700258
4243 7036131
4244 1080548
4245 2432229
4246 2817544
4247 3261634
4248 859370
4249 7131247
4250 3859666
4251 6986990
4252 6770163
4253 7118064
4254 4127985
4255 1391859
4256 4414710
4257 4110889
4258 1752314
4259 6798589
4260 1457408
4261 1309953
4262 6323463
4263 1768714
4264 7115991
4265 2956556
4266 2637069
4267 1965326
4268 1375503
4269 6872336
4270 3317014
4271 3196121
4272 20356
4273 6896922
4274 5168412
4275 1498399
4276 7134497
4277 4488482
4278 417059
4279 6798629
4280 7124537
4281 6913320
4282 5252403
4283 4760849
4284 7088690
4285 6304989
4286 187696
4287 5381425
4288 1695028
4289 2297737
4290 1867064
4291 3988793
4292 6257979
4293 5553472
4294 6328203
4295 1473861
4296 6806446
4297 6536522
4298 982351
4299 4095316
4300 7134549
4301 7089322
4302 1595297
4303 7118735
4304 616193
4305 949597
4306 6569311
4307 701831
4308 1932641
4309 4373860
4310 2508006
4311 1310057
4312 1733863
4313 1760620
4314 6372717
4315 2563439
4316 6970737
4317 1564018
4318 6454643
4319 6200696
4320 1733784
4321 6232639
4322 6535874
4323 1400191
4324 6126976
4325 6364545
4326 1400194
4327 3884267
4328 6363713
4329 1367432
4330 269706
4331 7117378
4332 4414862
4333 6815120
4334 6765969
4335 7085459
4336 5987732
4337 2121110
4338 6159767
4339 867740
4340 2678173
4341 3661859
4342 1007009
4343 3087779
4344 1883543
4345 6061477
4346 5580019
4347 6905256
4348 818601
4349 4881834
4350 949675
4351 155056
4352 1116479
4353 6457589
4354 7134643
4355 5094836
4356 1555893
4357 6643126
4358 1523127
4359 2588088
4360 597433
4361 6888890
4362 6643131
4363 6864316
4364 1104458
4365 1015231
4366 6766016
4367 1375681
4368 1126144
4369 4434507
4370 4357572
4371 2997702
4372 5963209
4373 2891211
4374 2129358
4375 2014673
4376 2219474
4377 6897111
4378 1908185
4379 1252829
4380 7134687
4381 2293216
4382 507361
4383 4357604
4384 4111846
4385 7011815
4386 1539560
4387 7078602
4388 4103660
4389 3595757
4390 6528936
4391 2268658
4392 1400307
4393 6856181
4394 4439548
4395 3972606
4396 6364671
4397 4202893
4398 960723
4399 1133455
4400 261640
4401 6474327
4402 1801740
4403 1833413
4404 2039310
4405 7069613
4406 7117400
4407 7036434
4408 5733907
4409 867860
4410 4578837
4411 2645526
4412 3472920
4413 1080859
4414 6741532
4415 2047518
4416 1307976
4417 5394352
4418 6741539
4419 4832804
4420 6722982
4421 785960
4422 7092828
4423 5387527
4424 630316
4425 7101997
4426 6651439
4427 3935145
4428 4450704
4429 5967795
4430 5021237
4431 736822
4432 3382839
4433 4644107
4434 6430287
4435 1441340
4436 7126590
4437 7086005
4438 1859136
4439 3169857
4440 7134786
4441 1629763
4442 3055174
4443 2358856
4444 2594060
4445 626615
4446 728652
4447 5545551
4448 5046200
4449 3582563
4450 1982037
4451 5824086
4452 6757975
4453 1990232
4454 3997273
4455 7126619
4456 3107429
4457 6626912
4458 4464230
4459 6676071
4460 1834601
4461 3530349
4462 1588847
4463 6220873
4464 6733425
4465 5338387
4466 97370
4467 925301
4468 6436563
4469 3169911
4470 4603512
4471 1646201
4472 1695354
4473 1269372
4474 5963389
4475 2163989
4476 1293952
4477 3374721
4478 4890242
4479 3480171
4480 6979206
4481 6700679
4482 7003784
4483 4824713
4484 3718794
4485 1441419
4486 2686605
4487 1431823
4488 7085717
4489 941633
4490 1597079
4491 4628420
4492 7110298
4493 6979227
4494 2260638
4495 2293407
4496 2801313
4497 2774299
4498 6323882
4499 835244
4500 3735213
4501 3645103
4502 7084969
4503 3735219
4504 3702452
4505 1207597
4506 6766262
4507 6938295
4508 2023096
4509 5631584
4510 6971066
4511 5045947
4512 3989181
4513 3549813
4514 7126720
4515 7110337
4516 7126722
4517 2662084
4518 2547397
4519 1482438
4520 7110343
4521 6627016
4522 1449673
4523 4914890
4524 5045963
4525 6373068
4526 1253071
4527 5283540
4528 3595989
4529 3808983
4530 6935844
4531 1822671
4532 3006172
4533 6446813
4534 6930142
4535 1031905
4536 179939
4537 5791462
4538 7134951
4539 859880
4540 6652065
4541 1072875
4542 327404
4543 6880657
4544 6782706
4545 4249956
4546 5234423
4547 794360
4548 6078201
4549 6987514
4550 4062971
4551 3088125
4552 1950659
4553 4343595
4554 1777410
4555 3797077
4556 1007364
4557 3035094
4558 5259014
4559 6209288
4560 7126793
4561 1777420
4562 4127362
4563 769808
4564 4579089
4565 7102226
4566 1151407
4567 1310681
4568 900888
4569 163614
4570 2539295
4571 6012704
4572 7102243
4573 450344
4574 1646380
4575 6242099
4576 6766388
4577 3587893
4578 6823735
4579 1843000
4580 6700859
4581 3882815
4582 5627712
4583 2088769
4584 6337277
4585 6488033
4586 4374345
4587 1226039
4588 2162508
4589 3396719
4590 6666893
4591 4551992
4592 7044946
4593 1220435
4594 7100536
4595 4726615
4596 474968
4597 4838065
4598 3620701
4599 5463902
4600 4071263
4601 3383136
4602 1023841
4603 958306
4604 1074373
4605 3522406
4606 7094119
4607 6725482
4608 958315
4609 2826093
4610 2563952
4611 7061361
4612 3882867
4613 6995831
4614 5996409
4615 647034
4616 7044604
4617 5373822
4618 7077760
4619 1656128
4620 5664747
4621 3096454
4622 7118727
4623 2613130
4624 1802123
4625 49036
4626 7045007
4627 7129440
4628 6823826
4629 1326995
4630 1829003
4631 5804014
4632 204694
4633 6995863
4634 688025
4635 2949103
4636 7117466
4637 6135711
4638 4161440
4639 1522331
4640 1643209
4641 6594471
4642 5660584
4643 6307753
4644 5160875
4645 6628885
4646 7102381
4647 1425326
4648 4022191
4649 5660592
4650 7061425
4651 7126963
4652 2768820
4653 5046197
4654 7133533
4655 7054665
4656 2146232
4657 2146234
4658 1654717
4659 4603838
4660 835519
4661 1941440
4662 7124596
4663 2129860
4664 3555718
4665 335816
4666 -1
4667 7131897
4668 4259788
4669 7087607
4670 6479822
4671 5576013
4672 2485047
4673 1895075
4674 1597396
4675 2686933
4676 6643671
4677 6914009
4678 2195421
4679 1927845
4680 1949664
4681 7110625
4682 4091
4683 4120549
4684 7079249
4685 4317160
4686 3858235
4687 753642
4688 6380199
4689 3465196
4690 106477
4691 6864878
4692 1163247
4693 679921
4694 2856275
4695 1671157
4696 6889464
4697 4445524
4698 6410107
4699 2777085
4700 7127038
