0 196611
1 6148
2 677893
3 40966
4 843784
5 2046
6 6155
7 79884
8 79885
9 49166
10 61455
11 426002
12 81923
13 8221
14 6175
15 596001
16 39259
17 462884
18 8229
19 4134
20 436263
21 6187
22 417840
23 47112
24 4149
25 417846
26 501821
27 260162
28 464963
29 258941
30 495688
31 761933
32 489550
33 84049
34 420224
35 397667
36 407636
37 280932
38 4572
39 196707
40 5186
41 47206
42 395372
43 696434
44 6262
45 51319
46 24698
47 575613
48 32898
49 102531
50 252036
51 47237
52 714888
53 577673
54 47242
55 663695
56 266385
57 1846
58 4250
59 252063
60 2213
61 467110
62 8365
63 309423
64 712
65 32946
66 2230
67 733372
68 86208
69 501958
70 442568
71 6345
72 4304
73 37074
74 2259
75 561529
76 424153
77 260315
78 717025
79 467152
80 3793
81 84201
82 484391
83 557437
84 817407
85 721153
86 45314
87 432394
88 682255
89 4374
90 258328
91 51481
92 276762
93 463135
94 4385
95 63782
96 86311
97 274730
98 16683
99 46792
100 2349
101 305
102 309
103 2056
104 311
105 2360
106 739642
107 6462
108 323
109 324
110 325
111 326
112 327
113 328
114 329
115 426314
116 333
117 335
118 336
119 715091
120 340
121 341
122 342
123 345
124 18779
125 467293
126 350
127 180577
128 355
129 356
130 358
131 361
132 416107
133 651628
134 367
135 762225
136 371
137 377
138 2428
139 381
140 382
141 426367
142 653696
143 280961
144 737668
145 389
146 596362
147 395
148 397
149 592275
150 178583
151 256408
152 409
153 413
154 492613
155 813476
156 422
157 493992
158 5090
159 281006
160 435
161 733322
162 4511
163 4541
164 2494
165 448
166 317889
167 782792
168 680394
169 462
170 477647
171 596318
172 469
173 41431
174 474
175 476
176 8131
177 104927
178 569825
179 483
180 387556
181 488
182 104938
183 506349
184 494
185 584175
186 496
187 63912
188 502
189 63991
190 455165
191 461314
192 515
193 760326
194 519
195 522
196 395787
197 526
198 527
199 530
200 25108
201 55830
202 535
203 16862
204 455194
205 539
206 301596
207 104992
208 317985
209 12837
210 555
211 41519
212 680499
213 565
214 279102
215 373314
216 4520
217 581
218 6726
219 770631
220 6728
221 587
222 588
223 565837
224 469582
225 21072
226 41553
227 21075
228 580180
229 603918
230 4695
231 45660
232 8800
233 565861
234 616
235 619
236 621
237 627
238 594554
239 8827
240 692861
241 258687
242 477824
243 692865
244 4739
245 406148
246 762501
247 8839
248 742027
249 522892
250 453263
251 432723
252 8851
253 678549
254 678550
255 666
256 668
257 586397
258 281251
259 678
260 195239
261 582314
262 606892
263 24690
264 689
265 461939
266 711454
267 64187
268 700
269 522941
270 702
271 707
272 276598
273 801
274 715464
275 395978
276 45771
277 723
278 258772
279 584405
280 6871
281 807640
282 729
283 6877
284 397673
285 252641
286 738
287 565993
288 2795
289 750
290 753
291 6898
292 770805
293 88202
294 468
295 453374
296 582101
297 770
298 195334
299 775
300 7902
301 780
302 557837
303 782
304 785
305 523029
306 8005
307 840154
308 453406
309 437040
310 105948
311 535341
312 590640
313 820
314 4917
315 11064
316 6282
317 821
318 662337
319 195394
320 835
321 447301
322 25414
323 4935
324 408396
325 9044
326 301
327 17239
328 834394
329 43869
330 500576
331 869
332 41830
333 463724
334 4871
335 680824
336 635772
337 606698
338 21443
339 195457
340 4996
341 535429
342 2950
343 406408
344 179084
345 261005
346 5012
347 220054
348 707483
349 197532
350 258885
351 2976
352 463781
353 195496
354 689066
355 276295
356 461981
357 689077
358 717750
359 111543
360 791480
361 7097
362 9579
363 601022
364 37825
365 43970
366 5059
367 195524
368 426952
369 736205
370 43982
371 86991
372 461782
373 461784
374 103391
375 422882
376 252900
377 195563
378 799728
379 596985
380 639095
381 760829
382 676870
383 861356
384 749540
385 279043
386 46100
387 601111
388 279580
389 195615
390 277537
391 838695
392 427127
393 5167
394 840754
395 502838
396 7226
397 420923
398 580672
399 158786
400 427076
401 728133
402 5206
403 441432
404 48217
405 5210
406 95323
407 408674
408 580708
409 870
410 775276
411 5233
412 427122
413 566387
414 484470
415 308343
416 437374
417 425087
418 394375
419 484488
420 572553
421 406671
422 255129
423 5277
424 160929
425 437410
426 590022
427 9388
428 571250
429 765103
430 493768
431 160946
432 840884
433 408758
434 23737
435 908406
436 85182
437 7360
438 93377
439 86193
440 48031
441 842950
442 406728
443 347293
444 9428
445 400599
446 103644
447 160989
448 89514
449 468193
450 48356
451 687333
452 402662
453 197863
454 513258
455 2941
456 77042
457 261363
458 9462
459 9463
460 1280
461 810243
462 1285
463 279823
464 279828
465 463065
466 259352
467 661911
468 861468
469 507169
470 740644
471 682886
472 472362
473 408876
474 472368
475 468872
476 5426
477 103733
478 38198
479 521527
480 161085
481 602677
482 279880
483 161101
484 232785
485 77720
486 468196
487 3984
488 77154
489 77155
490 50534
491 606646
492 263531
493 589167
494 3442
495 5492
496 64062
497 77177
498 419200
499 7560
500 198028
501 675216
502 81297
503 767379
504 652692
505 7577
506 17818
507 278273
508 820638
509 81314
510 404900
511 521637
512 3498
513 89515
514 89518
515 1949
516 822708
517 15263
518 3523
519 89540
520 77046
521 4002
522 6494
523 9691
524 601564
525 397494
526 7651
527 3557
528 3561
529 3563
530 888304
531 468466
532 5619
533 5622
534 257534
535 432725
536 230912
537 568836
538 508161
539 400906
540 1549
541 818708
542 462358
543 462360
544 415663
545 839200
546 89633
547 1574
548 730665
549 44587
550 775727
551 687670
552 409146
553 77407
554 105397
555 7094
556 454219
557 669260
558 829368
559 501333
560 177752
561 474714
562 106079
563 464484
564 3690
565 280172
566 882285
567 257649
568 42612
569 841335
570 409208
571 24186
572 81532
573 591485
574 77441
575 77443
576 77444
577 738950
578 645118
579 3728
580 493202
581 81555
582 373086
583 87706
584 474779
585 425634
586 493222
587 8240
588 42664
589 91818
590 429739
591 81583
592 251568
593 479176
594 462515
595 839818
596 597687
597 446140
598 808639
599 464606
600 91843
601 3784
602 44745
603 3786
604 9932
605 693969
606 575195
607 718558
608 604
609 392930
610 77540
611 841681
612 44386
613 257774
614 77437
615 16117
616 161066
617 272127
618 403200
619 195200
620 102146
621 77575
622 751916
623 5901
624 462606
625 1807
626 102161
627 1814
628 104215
629 42782
630 694633
631 5927
632 5928
633 5932
634 61237
635 102198
636 102201
637 102203
638 178485
639 569153
640 81733
641 40775
642 474953
643 601933
644 427855
645 102151
646 312
647 22355
648 251733
649 229206
650 45028
651 462682
652 395101
653 8033
654 804706
655 517988
656 102245
657 681831
658 77673
659 589675
660 321394
661 6803
662 571252
663 522109
664 8067
665 636805
666 505736
667 804748
668 485261
669 6032
670 6034
671 1942
672 276376
673 681881
674 819101
675 81826
676 409507
677 1957
678 12198
679 47015
680 507817
681 462762
682 722860
683 8110
684 2717
685 102328
686 749497
687 713051
688 8124
689 424266
690 485311
691 10179
692 10181
693 57288
694 8138
695 502093
696 794576
697 79825
698 528338
699 596643
700 79835
701 57308
702 683999
703 743392
704 77795
705 841700
706 102838
707 778218
708 57327
709 796660
710 6133
711 278522
712 12285
713 582595
714 61439
