0 1638400
1 6684676
2 2228231
3 6291467
4 2555922
5 1212442
6 3899420
7 873818
8 4030500
9 3342373
10 1474598
11 6815788
12 4030516
13 2588727
14 6160442
15 6619199
16 7130537
17 7045193
18 1933388
19 1769552
20 6324306
21 2512227
22 1507412
23 2228319
24 4685923
25 4522085
26 6324327
27 7045231
28 7045240
29 3932283
30 5374082
31 622727
32 1187154
33 458895
34 6979735
35 568004
36 2490529
37 7078051
38 2064548
39 557221
40 1736875
41 458925
42 7110832
43 6455473
44 5701813
45 3997878
46 4456634
47 7109810
48 622797
49 1016020
50 7110869
51 2556126
52 420561
53 786672
54 1966328
55 5734653
56 6095104
57 131331
58 1114373
59 2720006
60 4063496
61 6848780
62 6586637
63 5341455
64 1409301
65 6062370
66 786723
67 3970438
68 983351
69 1441844
70 5374277
71 6127946
72 1343826
73 7110997
74 6553945
75 459100
76 1638749
77 2654564
78 2621797
79 4751728
80 6291825
81 655736
82 1136020
83 7111034
84 4319978
85 1946589
86 1540492
87 2818446
88 3932559
89 6259088
90 1343889
91 1769879
92 6259099
93 1016221
94 7111079
95 6695667
96 5177781
97 229815
98 6488507
99 1507777
100 452
101 6980040
102 2064842
103 557519
104 6521298
105 1180116
106 6914521
107 4522459
108 4489708
109 3539440
110 1737201
111 5374450
112 2851317
113 1409535
114 1409538
115 4815174
116 3768837
117 6062602
118 66061
119 4407384
120 7025804
121 3015187
122 1671701
123 4915735
124 5530956
125 3670560
126 4773296
127 2261547
128 7078446
129 7111223
130 4500234
131 1081929
132 6816331
133 4243554
134 6783566
135 1081945
136 197216
137 7067067
138 7078507
139 6455916
140 3048048
141 2589302
142 7078520
143 1311354
144 4686466
145 1245832
146 4391564
147 4555408
148 950934
149 1671832
150 4096681
151 2785963
152 3801776
153 131765
154 4522682
155 2818747
156 3277505
157 1704642
158 4620998
159 2687688
160 5145294
161 459488
162 7013094
163 1999597
164 721649
165 262900
166 7045879
167 4658644
168 7013118
169 688904
170 918298
171 394012
172 6404960
173 3113765
174 918310
175 230184
176 2818864
177 2589495
178 328504
179 2786114
180 688965
181 3146570
182 1213259
183 5527010
184 426833
185 7013204
186 2032475
187 2982751
188 2294628
189 6030193
190 1573747
191 1770363
192 983932
193 3736446
194 4359042
195 6947715
196 459668
197 6226837
198 6128543
199 2622370
200 1213347
201 2294693
202 590758
203 459709
204 4429301
205 6849473
206 4555714
207 7078857
208 6751179
209 3511800
210 6259673
211 1180635
212 5964774
213 5538805
214 918519
215 1639416
216 6751229
217 6521858
218 6450795
219 3048464
220 2655265
221 7111717
222 2097329
223 6980650
224 3376193
225 3900492
226 4850772
227 1180759
228 2559828
229 4686939
230 1344606
231 7079010
232 6515175
233 7111788
234 6275262
235 1672313
236 7046266
237 5571709
238 1672319
239 7111808
240 2655361
241 6096014
242 4293778
243 4129943
244 1868954
245 2426014
246 2622623
247 699248
248 722084
249 5801130
250 4850866
251 6259896
252 6685881
253 591034
254 7079102
255 4064455
256 3966157
257 1410256
258 525522
259 1180883
260 6948052
261 3835096
262 7111910
263 6063338
264 5909373
265 6554866
266 7079155
267 3638517
268 3704059
269 7013640
270 5506313
271 7111950
272 1082643
273 3507494
274 2786599
275 3278121
276 951596
277 1967406
278 1869109
279 6325562
280 2590022
281 1758775
282 2042766
283 2524513
284 722274
285 5604721
286 6063478
287 2965737
288 1934717
289 3999102
290 1967489
291 3736964
292 755085
293 1082769
294 3507613
295 1246630
296 689575
297 2426284
298 4609608
299 7112117
300 5047736
301 1770938
302 4556219
303 5899709
304 3802569
305 6817229
306 3638740
307 7112152
308 1275969
309 7112163
310 6817255
311 6358505
312 7046640
313 3737073
314 1967605
315 2131450
316 2426377
317 3900940
318 296466
319 5439747
320 5703189
321 329241
322 5899802
323 1476123
324 4064798
325 6981154
326 5146151
327 2459178
328 3671598
329 5112072
330 4752949
331 2590269
332 624195
333 165444
334 886344
335 591434
336 306103
337 7112268
338 6948429
339 4195923
340 1345129
341 984682
342 1410678
343 5867135
344 3311232
345 6194820
346 2918029
347 5277328
348 3180177
349 2000543
350 7079584
351 2819745
352 1148579
353 2763718
354 919209
355 2262703
356 1148594
357 5740148
358 2000579
359 5996835
360 5254094
361 1738464
362 4818673
363 6850305
364 67334
365 231175
366 2164490
367 6489867
368 5900045
369 7112462
370 919313
371 6985347
372 3278615
373 6194968
374 3540769
375 2295590
376 3901241
377 2983749
378 5211977
379 1673036
380 2918223
381 2197334
382 2131809
383 5146466
384 1902436
385 3934053
386 6981487
387 100208
388 1410929
389 3180410
390 4753277
391 3377029
392 231315
393 362391
394 1083288
395 1640346
396 3278749
397 1902496
398 690081
399 4163492
400 3049383
401 5506988
402 722865
403 4130747
404 3047754
405 2951116
406 5146580
407 5441499
408 1021605
409 3704815
410 5539836
411 7112704
412 2057
413 6621194
414 3082252
415 6424595
416 3311639
417 1476646
418 5998631
419 2885678
420 34869
421 6182580
422 3475518
423 3442753
424 6293570
425 6817866
426 4098126
427 4982864
428 2263124
429 4950104
430 1738844
431 2064741
432 3541088
433 7080033
434 6096995
435 1312870
436 4753512
437 460909
438 919662
439 4917360
440 4032634
441 7080064
442 2492547
443 5802122
444 5474446
445 1476759
446 5015713
447 362658
448 6220827
449 2197676
450 1869999
451 3246259
452 2230455
453 1542329
454 4065466
455 231613
456 3082433
457 5680161
458 4294860
459 6916309
460 5647396
461 821476
462 493797
463 723185
464 3672306
465 6293753
466 3246333
467 2558219
468 1804556
469 4917518
470 5343511
471 4851997
472 624927
473 5245217
474 2754851
475 6687012
476 2334005
477 2165032
478 2492726
479 6490433
480 887106
481 6195524
482 428357
483 4036321
484 5146953
485 2918744
486 7080286
487 592230
488 3901809
489 395634
490 7080321
491 1509764
492 985478
493 2460043
494 6837998
495 4622744
496 2066841
497 6064542
498 5278119
499 3279274
500 2032029
501 461234
502 6916534
503 2492856
504 526777
505 2066883
506 1051076
507 2197962
508 4295123
509 2001373
510 6785503
511 5343712
512 1903078
513 6851051
514 3484754
515 1903086
516 3049969
517 5179904
518 2034183
519 5245458
520 3672595
521 821790
522 5576453
523 756264
524 3823368
525 6851122
526 1116724
527 4098613
528 3574340
529 657989
530 1968713
531 2099796
532 2722389
533 1477210
534 6425180
535 592572
536 5245544
537 920170
538 3377773
539 5638770
540 1182323
541 6097540
542 1280647
543 6883979
544 1411724
545 6982285
546 7080591
547 5606033
548 2656916
549 7113365
550 5056387
551 5128645
552 4917925
553 6458024
554 4000425
555 5966510
556 3082927
557 4164281
558 4229818
559 7113404
560 1114570
561 4524741
562 4983506
563 4445356
564 2099924
565 7080666
566 7113440
567 1182436
568 1895548
569 527084
570 1673969
571 2296563
572 2067203
573 7015173
574 2223817
575 199445
576 5770008
577 592668
578 2198309
579 1870635
580 4819771
581 6687548
582 592703
583 4655936
584 3771204
585 789320
586 6425419
587 1837903
588 4229969
589 494419
590 6654806
591 1005370
592 4688735
593 1070908
594 2198378
595 4819820
596 3312495
597 6359923
598 2165631
599 691080
600 2624399
601 2100115
602 134038
603 68509
604 953247
605 1477544
606 6294442
607 3083181
608 6654894
609 854965
610 3640254
611 1903552
612 5532832
613 1248194
614 7113667
615 6360009
616 3836888
617 1280992
618 5802978
619 6949875
620 6821716
621 6753274
622 330751
623 1870857
624 592906
625 5442579
626 199702
627 5147688
628 7113785
629 3542074
630 68667
631 6655054
632 1248338
633 1477716
634 6556758
635 5016665
636 887898
637 691293
638 6458465
639 6458468
640 7113838
641 822384
642 6851702
643 1903738
644 7105727
645 6425724
646 1641600
647 6032513
648 1412234
649 3869836
650 5529954
651 1150113
652 986282
653 6687928
654 298171
655 1412285
656 6917318
657 789703
658 5049544
659 7015627
660 5147854
661 3280082
662 1805532
663 396511
664 2329826
665 2114086
666 2297070
667 3902704
668 3542263
669 822527
670 1412362
671 6786320
672 1933870
673 6917400
674 3260975
675 4328748
676 6589746
677 2723138
678 5180740
679 4001094
680 6884680
681 1379662
682 1070989
683 2493784
684 6983013
685 2035047
686 6996540
687 1740140
688 7114096
689 3214706
690 724342
691 3450
692 888188
693 855421
694 429440
695 6196609
696 7114125
697 6884751
698 2821521
699 6655379
700 1822303
701 1379746
702 7015847
703 1510824
704 4230569
705 6852011
706 495025
707 6426038
708 6852023
709 527802
710 2231740
711 7114176
712 333729
713 2952654
714 1281489
715 6229460
716 4394460
717 2887133
718 3552
719 3562
720 7081454
721 3247600
722 6426102
723 560632
724 6786562
725 2723331
726 6393350
727 1415084
728 6589976
729 1838619
730 658982
731 7114282
732 3629
733 658994
734 6950454
735 6936500
736 1871419
737 6590012
738 6229568
739 4001347
740 691780
741 5475918
742 6360656
743 6688340
744 2100821
745 6327903
746 5869152
747 5868220
748 6131305
749 7114346
750 1478251
751 1347180
752 7081581
753 1642094
754 2428528
755 2625154
756 790161
757 1281683
758 5181080
759 7114398
760 36511
761 1773217
762 593577
763 3903146
764 626349
765 6753967
766 1740466
767 6983354
768 200380
769 822974
770 1248964
771 5538422
772 2821835
773 1969868
774 5213902
775 1052370
776 4951768
777 7114459
778 1969884
779 6328029
780 7073061
781 4853481
782 790252
783 4656883
784 6885112
785 7114490
786 1609475
787 1707781
788 1314566
789 7114503
790 3837704
791 4984591
792 2166546
793 2952979
794 6917910
795 7114527
796 4788004
797 2297637
798 2363176
799 2232108
800 5705524
801 6688580
802 36677
803 1513441
804 2068296
805 888652
806 6655823
807 3968849
808 1019732
809 7016277
810 266072
811 4394842
812 921435
813 331617
814 3280746
815 1445748
816 6033271
817 987000
818 4263803
819 7081854
820 5574528
821 2428805
822 148119
823 7114638
824 1937295
825 3936148
826 2166686
827 790431
828 167842
829 331683
830 2649414
831 823206
832 2199465
833 364460
834 3987442
835 5967795
836 7114680
837 7114703
838 5607379
839 2035668
840 462812
841 4380666
842 3641318
843 3837928
844 1085417
845 1249260
846 1085421
847 5705710
848 6721526
849 6838271
850 4198400
851 3346433
852 3117059
853 6787086
854 5771296
855 397347
856 823335
857 6754347
858 4178610
859 3903536
860 6590515
861 2560056
862 6492217
863 2166847
864 5148739
865 7114823
866 2035791
867 594003
868 4722773
869 6328409
870 2396250
871 4067423
872 2855010
873 6164583
874 7114859
875 7122280
876 5542002
877 1446008
878 3838074
879 3903617
880 1118340
881 2166918
882 594058
883 6361227
884 5148818
885 2265235
886 1413286
887 3149996
888 6688941
889 200878
890 692403
891 6394036
892 1675446
893 3084484
894 28022
895 4985030
896 2527441
897 692436
898 2494678
899 2363608
900 4317
901 1478883
902 921828
903 1380582
904 2332980
905 6656238
906 2593007
907 2887920
908 299249
909 1577222
910 4362508
911 2256258
912 7115025
913 6525209
914 5148967
915 4919602
916 4985150
917 4624711
918 2822476
919 7115095
920 4591963
921 6740028
922 2199919
923 1184115
924 1398847
925 7115133
926 7115149
927 1479057
928 1611845
929 7115169
930 7078641
931 1184170
932 659883
933 1151407
934 4329907
935 823734
936 6721980
937 1282495
938 5729696
939 1806796
940 5181901
941 1600931
942 3641828
943 2494950
944 987636
945 3146494
946 2593272
947 3871226
948 7129597
949 987648
950 2134531
951 6722053
952 561674
953 1511949
954 430611
955 3871252
956 2920983
957 463398
958 1675820
959 2789934
960 5640754
961 6984244
962 3772982
963 5182007
964 1086008
965 3052101
966 1839688
967 1806926
968 3510864
969 4002389
970 6754906
971 5804636
972 1643103
973 514151
974 7049838
975 6722160
976 792680
977 7115390
978 365185
979 3740292
980 2888326
981 7082631
982 6623884
983 6951566
984 5247645
985 6787744
986 3904167
987 2003644
988 6951613
989 6001344
990 266949
991 2364102
992 1643209
993 5837517
994 5935822
995 2036431
996 6984404
997 430806
998 1151704
999 1774302
1000 5182178
1001 3314409
1002 1446634
1003 6974930
1004 5096232
1005 5018355
1006 594678
1007 6230778
1008 6427387
1009 7115517
1010 4395776
1011 4821764
1012 5673733
1013 2134798
1014 2364175
1015 4264727
1016 6853402
1017 2036509
1018 332578
1019 6689579
1020 6525750
1021 889657
1022 4887358
1023 5804865
1024 1119045
1025 2003787
1026 693068
1027 5116751
1028 5182288
1029 1807189
1030 1577815
1031 6132578
1032 4461411
1033 1577828
1034 6001510
1035 7115625
1036 2888554
1037 5444467
1038 6361975
1039 6591353
1040 332670
1041 3707788
1042 1020814
1043 7115673
1044 3380127
1045 4559779
1046 7082917
1047 5968807
1048 2888619
1049 3118000
1050 6427570
1051 201651
1052 2298805
1053 1267871
1054 4101056
1055 3085251
1056 6019233
1057 3183564
1058 5608400
1059 3511251
1060 1577945
1061 5903327
1062 2600444
1063 3085295
1064 1217521
1065 5149689
1066 1643514
1067 7115775
1068 4632064
1069 1152004
1070 594950
1071 6034439
1072 2266120
1073 1577995
1074 2626590
1075 3970080
1076 2626602
1077 3642411
1078 4035628
1079 6362164
1080 4232246
1081 6853687
1082 1643580
1083 1414206
1084 2921538
1085 1152070
1086 7095137
1087 2069587
1088 3347543
1089 2036826
1090 6198367
1091 3380321
1092 562275
1093 5870699
1094 7017581
1095 1348722
1096 1807476
1097 6001787
1098 2692229
1099 4953222
1100 3052684
1101 2449762
1102 922775
1103 6526109
1104 3408753
1105 693420
1106 365757
1107 6100172
1108 4494547
1109 398548
1110 1938645
1111 7115991
1112 3347678
1113 1447140
1114 4560101
1115 5641446
1116 2430187
1117 3380460
1118 1578221
1119 6296818
1120 1742071
1121 3020031
1122 1053954
1123 5248260
1124 660748
1125 431378
1126 4723988
1127 6362400
1128 3872035
1129 4855082
1130 7116075
1131 2659634
1132 5543222
1133 6362436
1134 2200901
1135 2757960
1136 7017802
1137 2397531
1138 1119581
1139 5018975
1140 71015
1141 6904039
1142 71023
1143 5117305
1144 2168196
1145 5477766
1146 1807753
1147 2102667
1148 5792372
1149 4494748
1150 2233761
1151 5674403
1152 6722982
1153 3839399
1154 7116204
1155 3249581
1156 1742259
1157 6591925
1158 5117370
1159 2037182
1160 1545667
1161 6264265
1162 4199883
1163 7116244
1164 6559189
1165 5936599
1166 7116251
1167 2004447
1168 6624740
1169 366053
1170 5445096
1171 6723054
1172 5805557
1173 4724216
1174 4304470
1175 7116298
1176 1873452
1177 4232757
1178 1807929
1179 7018048
1180 1644098
1181 2528836
1182 300620
1183 6559309
1184 727310
1185 5150296
1186 923225
1187 3970673
1188 694547
1189 7116404
1190 1087765
1191 2102913
1192 1513091
1193 1873543
1194 2561672
1195 7018121
1196 169616
1197 6231701
1198 7116439
1199 792216
1200 1513115
1201 1676956
1202 6231710
1203 6788769
1204 1578658
1205 7062470
1206 2135729
1207 1644213
1208 3643066
1209 71357
1210 1873604
1211 6052129
1212 4724427
1213 6297294
1214 2004692
1215 1119957
1216 6231772
1217 2889441
1218 2463469
1219 7116534
1220 1054462
1221 4265727
1222 399104
1223 4888325
1224 4495110
1225 431880
1226 5686075
1227 2823950
1228 3512082
1229 1054490
1230 6559522
1231 5314340
1232 3544871
1233 5183275
1234 1316665
1235 268090
1236 5576511
1237 1349441
1238 4822855
1239 4724552
1240 1939282
1241 431956
1242 1087322
1243 2266971
1244 6199611
1245 1447780
1246 2365290
1247 1951140
1248 7083884
1249 4462449
1250 4853573
1251 5336917
1252 6177769
1253 1841018
1254 1251196
1255 2037635
1256 6985606
1257 6264716
1258 1513357
1259 1939343
1260 2693013
1261 5642134
1262 333724
1263 3741601
1264 4790187
1265 4233132
1266 1677232
1267 2791355
1268 563147
1269 2529229
1270 4986838
1271 202718
1272 4265951
1273 1742817
1274 6891781
1275 7084008
1276 5194748
1277 3708910
1278 3310589
1279 858100
1280 661494
1281 1841146
1282 5183489
1283 3414020
1284 2856968
1285 6461459
1286 2365462
1287 890905
1288 366619
1289 1972257
1290 5216291
1291 2136112
1292 2627642
1293 5582517
1294 3053633
1295 4692035
1296 5675077
1297 3217481
1298 2234442
1299 530515
1300 5424215
1301 6438966
1302 6658149
1303 1218662
1304 1579112
1305 4135020
1306 6964242
1307 6559865
1308 5609607
1309 1611913
1310 1808525
1311 7084174
1312 7116949
1313 6232225
1314 3184803
1315 6396087
1316 2169020
1317 5642447
1318 4004050
1319 7117013
1320 5019862
1321 1005945
1322 2463960
1323 6756570
1324 1120482
1325 2005220
1326 6166764
1327 465138
1328 2207443
1329 4790516
1330 3676405
1331 989431
1332 2529533
1333 6723840
1334 6822146
1335 104710
1336 3813713
1337 235792
1338 5478675
1339 2431253
1340 2758944
1341 1775909
1342 2169127
1343 497961
1344 596273
1345 2234676
1346 3250487
1347 399675
1348 2005313
1349 3709253
1350 6429011
1351 5282132
1352 6330712
1353 7117146
1354 1448284
1355 5249373
1356 5085542
1357 6035821
1358 4659573
1359 3250570
1360 732909
1361 858522
1362 6298019
1363 7084472
1364 7117251
1365 3283396
1366 7051717
1367 6166993
1368 6035929
1369 2005466
1370 3119583
1371 6626
1372 5478884
1373 399845
1374 4004326
1375 3250666
1376 5577197
1377 760303
1378 4626929
1379 689236
1380 727548
1381 6134275
1382 432651
1383 2431502
1384 6068759
1385 6396442
1386 760349
1387 3054114
1388 3316259
1389 6789671
1390 629289
1391 3119666
1392 7117367
1393 1448504
1394 1776186
1395 6822462
1396 6363713
1397 6068803
1398 6920773
1399 105035
1400 1481292
1401 5675597
1402 1874511
1403 1382992
1404 6625873
1405 4299346
1406 6036060
1407 7051874
1408 2955876
1409 6724201
1410 3480171
1411 3775084
1412 1022573
1413 6003313
1414 432763
1415 3906177
1416 4201094
1417 5773961
1418 3578511
1419 2169488
1420 6396562
1421 6757014
1422 3971736
1423 7117466
1424 891548
1425 1972897
1426 1383074
1427 4922019
1428 170664
1429 4987574
1430 7117499
1431 2180213
1432 6538358
1433 6888138
1434 864034
1435 7117524
1436 6593241
1437 4594402
1438 858871
1439 6919
1440 2005775
1441 4070162
1442 1907476
1443 1448726
1444 2923291
1445 2071324
1446 1579810
1447 1874723
1448 2169641
1449 1579821
1450 5118770
1451 793400
1452 1022777
1453 3119932
1454 2267972
1455 4954953
1456 3677003
1457 6429518
1458 432992
1459 3676646
1460 2071408
1461 7084914
1462 7117683
1463 1645428
1464 1547125
1465 1383287
1466 3709816
1467 7019387
1468 891773
1469 4730688
1470 203661
1471 1088398
1472 4496271
1473 2300818
1474 1153941
1475 6855576
1476 1678233
1477 6462369
1478 6462370
1479 2136996
1480 2497448
1481 5839785
1482 5938093
1483 7084974
1484 2530225
1485 6167475
1486 1794054
1487 5315519
1488 6626241
1489 6364099
1490 6554785
1491 400329
1492 2530250
1493 4594640
1494 1940439
1495 105437
1496 5544926
1497 4758501
1498 3643900
1499 1547246
1500 2890737
1501 4529140
1502 1317878
1503 6560760
1504 1842170
1505 1448956
1506 3010389
1507 6331393
1508 2235396
1509 1388374
1510 6986768
1511 6619634
1512 4889626
1513 3677214
1514 4725791
1515 7085094
1516 967859
1517 2071607
1518 3054654
1519 5643344
1520 2759762
1521 2563155
1522 760921
1523 2038879
1524 1776741
1525 1940582
1526 1547369
1527 1285230
1528 6790268
1529 5151870
1530 1416323
1531 1744013
1532 4103324
1533 597150
1534 302245
1535 1678516
1536 6298805
1537 1383610
1538 7085249
1539 5807299
1540 1711306
1541 1875154
1542 6707747
1543 2104533
1544 1842391
1545 1547481
1546 4103387
1547 1711327
1548 3382508
1549 7118064
1550 1088760
1551 72953
1552 4070652
1553 7133738
1554 995200
1555 2170115
1556 6987012
1557 2355073
1558 859409
1559 4693267
1560 5414166
1561 2202914
1562 72995
1563 2661669
1564 3218726
1565 5086503
1566 1896327
1567 2465077
1568 5020983
1569 597306
1570 6364478
1571 6266176
1572 1093515
1573 6921540
1574 1449289
1575 3022154
1576 6790475
1577 1350991
1578 6380088
1579 7506
1580 2071896
1581 7117370
1582 4955486
1583 2202976
1584 4529508
1585 3906919
1586 3480945
1587 2268532
1588 7085431
1589 6364545
1590 17643
1591 7019908
1592 6233483
1593 7085459
1594 1252759
1595 6888859
1596 5676446
1597 6363717
1598 3349926
1599 892345
1600 2170298
1601 6725059
1602 2891211
1603 1088972
1604 6331865
1605 2268634
1606 335325
1607 3349982
1608 6757855
1609 557822
1610 6856181
1611 171510
1612 3218935
1613 5840378
1614 3972606
1615 6364671
1616 2039310
1617 2137561
1618 2137619
1619 400927
1620 695851
1621 4785416
1622 6823474
1623 2170425
1624 7118395
1625 3186247
1626 1941065
1627 7085647
1628 6790741
1629 1220183
1630 2629209
1631 5348958
1632 6954591
1633 4693605
1634 6495849
1635 6790767
1636 7085683
1637 4204585
1638 2596469
1639 925309
1640 4464256
1641 6594178
1642 1055339
1643 302724
1644 4824713
1645 6233741
1646 2072213
1647 6921878
1648 3841705
1649 4136640
1650 7085762
1651 1580745
1652 728787
1653 3808983
1654 5349081
1655 7085791
1656 859880
1657 4333290
1658 5283565
1659 237297
1660 6397688
1661 3940091
1662 1646339
1663 859909
1664 1679113
1665 2334480
1666 565014
1667 3972897
1668 6594338
1669 6496037
1670 270121
1671 2662187
1672 925490
1673 1842995
1674 2461190
1675 3874615
1676 565054
1677 2957121
1678 1089352
1679 761680
1680 1253202
1681 1711957
1682 1415823
1683 4071263
1684 6528877
1685 3485672
1686 106357
1687 892793
1688 5971845
1689 5250950
1690 3186567
1691 6135689
1692 6463370
1693 6713326
1694 204696
1695 3710881
1696 2400163
1697 5283749
1698 2924462
1699 6234031
1700 6758324
1701 7086005
1702 6299585
1703 4628420
1704 6365130
1705 7053263
1706 4009976
1707 7118803
1708 6954964
1709 3186664
1710 3678188
1711 6107133
1712 3758760
1713 1417208
1714 1908733
1715 1122302
1716 1646591
1717 1384450
1718 729091
1719 4857860
1720 6070285
1721 7118874
1722 5578785
1723 7057414
1724 1876006
1725 6463531
1726 3022893
1727 2498608
1728 2727991
1729 7118906
1730 2793532
1731 6725694
1732 1450066
1733 6103124
1734 692052
1735 3448924
1736 5480542
1737 1679455
1738 6889571
1739 6168684
1740 5611641
1741 139386
1742 2039935
1743 7053447
1744 2039945
1745 4726922
1746 4137100
1747 3416205
1748 6332558
1749 4235412
1750 3580055
1751 2990238
1752 1646763
1753 7119020
1754 1679534
1755 467119
1756 1941682
1757 336053
1758 2429550
1759 548026
1760 4956348
1761 7086275
1762 858829
1763 6267088
1764 827603
1765 6693083
1766 1810662
1767 6529260
1768 5415150
1769 7053552
1770 6529270
1771 4366586
1772 532731
1773 5316867
1774 1122564
1775 1253638
1776 2950529
1777 4858126
1778 5775635
1779 5873945
1780 3973404
1781 6889762
1782 2302248
1783 6463790
1784 7119159
1785 1909056
1786 4432194
1787 1220938
1788 7119183
1789 2728273
1790 4104530
1791 5939550
1792 6725989
1793 3023208
1794 6791535
1795 1515890
1796 6041662
1797 6627703
1798 7119226
1799 7086465
1800 7119238
1801 1450380
1802 4202893
1803 7119250
1804 6758804
1805 1515925
1806 3185295
1807 2171294
1808 7119268
1809 7133004
1810 6726057
1811 860586
1812 7053740
1813 6267312
1814 7119284
1815 2957749
1816 7119290
1817 1417659
1818 3350973
1819 631230
1820 1450437
1821 6988231
1822 7062946
1823 4408740
1824 2564572
1825 6824415
1826 5906912
1827 3711458
1828 7119337
1829 860670
1830 4563457
1831 2269704
1832 467466
1833 2236948
1834 3351062
1835 729623
1836 7119384
1837 7119385
1838 4923937
1839 5644844
1840 7062962
1841 3285556
1842 401973
1843 6332990
1844 2251531
1845 664145
1846 1974866
1847 2499156
1848 2597469
1849 1352293
1850 1909353
1851 6988396
1852 6857326
1853 7119478
1854 5939836
1855 5448323
1856 1385092
1857 7119506
1858 6922906
1859 6595228
1860 2073245
1861 369311
1862 7086752
1863 1711187
1864 795301
1865 1716339
1866 2229705
1867 139971
1868 1712843
1869 4956876
1870 500429
1871 238288
1872 1974997
1873 74465
1874 7095762
1875 2466544
1876 1645353
1877 7086843
1878 4367101
1879 6169343
1880 3252996
1881 7062999
1882 2106126
1883 5153551
1884 6988560
1885 3908369
1886 6693661
1887 3679009
1888 4399907
1889 4399916
1890 1123118
1891 2368305
1892 729907
1893 2335540
1894 205621
1895 7119670
1896 6693689
1897 5972795
1898 6005565
1899 6759232
1900 4858691
1901 5972809
1902 6628171
1903 1123152
1904 5677905
1905 7119698
1906 271189
1907 6811791
1908 3253084
1909 500573
1910 1221471
1911 3632845
1912 6595435
1913 6693741
1914 4998632
1915 1549174
1916 6333304
1917 2990974
1918 1254273
1919 500613
1920 4563860
1921 205719
1922 3154842
1923 6988703
1924 2073509
1925 3384239
1926 1713073
1927 4039603
1928 1287101
1929 7119809
1930 7119810
1931 2696131
1932 74695
1933 7119818
1934 6398925
1935 6923214
1936 9168
1937 7119827
1938 5776340
1939 7119838
1940 1254371
1941 3890002
1942 336884
1943 7119861
1944 7119873
1945 6464522
1946 2209846
1947 795679
1948 7119907
1949 2991147
1950 2532396
1951 5973044
1952 336950
1953 7021624
1954 1025086
1955 4135776
1956 5874755
1957 5233505
1958 894025
1959 7119946
1960 1549393
1961 1025107
1962 6595668
1963 1582165
1964 926810
1965 894043
1966 3613790
1967 6726751
1968 4760672
1969 5186659
1970 3908709
1971 6857835
1972 6202476
1973 861295
1974 2120552
1975 3056754
1976 6530165
1977 468089
1978 2565244
1979 1811596
1980 2598031
1981 1025168
1982 6473241
1983 2204830
1984 1287338
1985 1385649
1986 5350581
1987 3218292
1988 1025210
1989 5678271
1990 468165
1991 5252294
1992 7128609
1993 2303178
1994 1312290
1995 6759631
1996 5514449
1997 4400341
1998 4236504
1999 3843290
2000 6038750
2001 1680614
2002 7120103
2003 7120106
2004 140535
2005 1942791
2006 1090824
2007 2729226
2008 1254674
2009 7079470
2010 7087382
2011 9495
2012 4728089
2013 7021853
2014 4334880
2015 1451297
2016 6235433
2017 2172202
2018 1811756
2019 1197618
2020 4662581
2021 4039994
2022 4728126
2023 7120191
2024 1189186
2025 6399303
2026 1156424
2027 7101324
2028 2863331
2029 5416278
2030 1385830
2031 107885
2032 304500
2033 2958711
2034 6637119
2035 1582462
2036 1516932
2037 4367756
2038 894350
2039 4007314
2040 6069145
2041 7120281
2042 5907866
2043 6170014
2044 1634544
2045 2631077
2046 3777960
2047 7120306
2048 7087540
2049 7120313
2050 2218911
2051 1896693
2052 5416385
2053 7087556
2054 6497745
2055 1910234
2056 5711330
2057 959986
2058 9719
2059 3286524
2060 2237953
2061 2926084
2062 7120390
2063 7120392
2064 2565645
2065 6891033
2066 4138522
2067 1943068
2068 3515933
2069 42526
2070 3253792
2071 4695587
2072 894511
2073 7087668
2074 1582648
2075 894524
2076 6530623
2077 1254977
2078 7054925
2079 3221070
2080 4236880
2081 6891089
2082 5678674
2083 1975892
2084 2336347
2085 1484391
2086 7120488
2087 435817
2088 777149
2089 2729586
2090 6923899
2091 1320577
2092 2303620
2093 5383814
2094 2827913
2095 6203027
2096 7120538
2097 3092763
2098 337585
2099 6497971
2100 435892
2101 9916
2102 7120577
2103 4794051
2104 1976017
2105 7087826
2106 927443
2107 5678806
2108 9943
2109 5220062
2110 7120627
2111 4794101
2112 3122934
2113 7087863
2114 763647
2115 6694656
2116 2270977
2117 1976073
2118 7120652
2119 7123245
2120 698130
2121 3254040
2122 6751876
2123 3155750
2124 3385141
2125 5187383
2126 2074424
2127 4237120
2128 2991938
2129 1320779
2130 6030989
2131 1648468
2132 403285
2133 1877846
2134 2271063
2135 3647324
2136 501597
2137 3021797
2138 6072161
2139 5220198
2140 1845099
2141 7024957
2142 6465392
2143 4578282
2144 2074494
2145 5416834
2146 1582979
2147 2664326
2148 2860939
2149 2959253
2150 1583007
2151 6727592
2152 1451946
2153 7088068
2154 239560
2155 1214115
2156 403420
2157 2893789
2158 6236135
2159 731123
2160 6334452
2161 6498298
2162 7055361
2163 7120898
2164 3680264
2165 6793230
2166 4401168
2167 1714197
2168 3483672
2169 1452060
2170 5974056
2171 6694953
2172 7120944
2173 6793265
2174 1288250
2175 4466749
2176 7022657
2177 3255184
2178 7120967
2179 3319881
2180 7120973
2181 1878095
2182 7088213
2183 6498394
2184 5285981
2185 1845344
2186 862306
2187 6957164
2188 6367342
2189 5613681
2190 7055480
2191 2574015
2192 2926720
2193 2205830
2194 1779847
2195 6629512
2196 7121033
2197 7121037
2198 7088270
2199 1026200
2200 5220505
2201 2173090
2202 403620
2203 469158
2204 6596785
2205 5220532
2206 1091773
2207 469182
2208 2009283
2209 764101
2210 6990024
2211 6695113
2212 7121100
2213 5271928
2214 7121113
2215 7121116
2216 1124573
2217 7121118
2218 698596
2219 7121127
2220 927982
2221 2894063
2222 2762992
2223 4294355
2224 3713285
2225 2926863
2226 1616148
2227 1550622
2228 764192
2229 7088427
2230 43320
2231 1550651
2232 1911102
2233 1550657
2234 891959
2235 5744975
2236 272726
2237 586129
2238 3713388
2239 875581
2240 1714546
2241 6007158
2242 7088505
2243 6891908
2244 2107782
2245 2042252
2246 4368781
2247 1354126
2248 829840
2249 1747347
2250 666004
2251 2337176
2252 4499866
2253 2992541
2254 2017008
2255 3189154
2256 6203811
2257 2075046
2258 6924711
2259 6105521
2260 1026487
2261 5450172
2262 3942850
2263 534984
2264 3221962
2265 5745102
2266 5712344
2267 1550811
2268 5319136
2269 1924176
2270 1190372
2271 633319
2272 1386986
2273 3451379
2274 5286388
2275 1681909
2276 1419769
2277 240123
2278 7121410
2279 2402819
2280 567812
2281 240133
2282 3451399
2283 2271752
2284 764439
2285 6271407
2286 7121438
2287 6990367
2288 2042401
2289 6892075
2290 5220908
2291 56007
2292 2206256
2293 7088690
2294 6793779
2295 1780276
2296 3975738
2297 1842271
2298 1656586
2299 6892095
2300 109123
2301 7121478
2302 4434507
2303 6728274
2304 7055955
2305 2796116
2306 7121495
2307 2563173
2308 6859360
2309 4827747
2310 5646950
2311 5220968
2312 3549813
2313 10879
2314 4401792
2315 1223299
2316 4172423
2317 3355074
2318 6728336
2319 1682072
2320 1583772
2321 5974685
2322 1649315
2323 141988
2324 5352102
2325 5417648
2326 2075315
2327 3943096
2328 4729537
2329 2828994
2330 5941955
2331 5712580
2332 6997795
2333 928468
2334 7121623
2335 2108120
2336 2175439
2337 2337501
2338 5090017
2339 1682146
2340 6391590
2341 4008684
2342 6761197
2343 1044947
2344 5057268
2345 4795128
2346 2082602
2347 6466302
2348 1962453
2349 2403072
2350 142090
2351 7121675
2352 6662930
2353 2763540
2354 6892313
2355 76570
2356 3648284
2357 2534184
2358 2272044
2359 830256
2360 5516087
2361 7121721
2362 928572
2363 273216
2364 240457
2365 1485645
2366 4729678
2367 2337616
2368 6604600
2369 7056212
2370 6260537
2371 6990684
2372 1289055
2373 666465
2374 1059682
2375 5548901
2376 961384
2377 7089004
2378 3910511
2379 338800
2380 6073203
2381 7023476
2382 7089017
2383 1911677
2384 2403201
2385 1944462
2386 1514771
2387 1551253
2388 1780631
2389 2501528
2390 2304923
2391 3943329
2392 2829219
2393 2042793
2394 5578229
2395 203934
2396 5680055
2397 1944507
2398 7121854
2399 2567103
2400 3288006
2401 4271047
2402 1911756
2403 4697037
2404 7089102
2405 2829265
2406 11218
2407 5909461
2408 2108375
2409 6859736
2410 2337756
2411 6564847
2412 5483511
2413 5188602
2414 5352443
2415 535550
2416 5450760
2417 1256464
2418 2927637
2419 2731034
2420 6269979
2421 4533279
2422 4860961
2423 5846651
2424 6958116
2425 7121957
2426 3124272
2427 2141241
2428 3779644
2429 3943492
2430 3779661
2431 76882
2432 3451993
2433 1453146
2434 7089244
2435 23738
2436 4795490
2437 7122022
2438 4992104
2439 1289321
2440 910381
2441 7122039
2442 6892664
2443 2501756
2444 4959361
2445 3255433
2446 6728843
2447 3011096
2448 1944725
2449 3043865
2450 5024923
2451 4272668
2452 3910837
2453 5966773
2454 1420481
2455 1912016
2456 3615971
2457 3779814
2458 1158379
2459 7122158
2460 1748209
2461 5090551
2462 77055
2463 1387777
2464 6860034
2465 2174213
2466 3648777
2467 7123281
2468 4402448
2469 1551635
2470 4664596
2471 1846554
2472 7122204
2473 1146071
2474 7122221
2475 2108724
2476 470325
2477 4894013
2478 5681717
2479 1715521
2480 5680451
2481 5713227
2482 6827342
2483 2895183
2484 6860117
2485 2665816
2486 1977691
2487 1486174
2488 1289576
2489 2836370
2490 2338158
2491 4992368
2492 6761842
2493 863603
2494 437640
2495 1977737
2496 3059100
2497 7122333
2498 3091870
2499 1781171
2500 5483956
2501 3550660
2502 4321868
2503 4644087
2504 5025230
2505 7122384
2506 4103420
2507 5844459
2508 7120015
2509 6991348
2510 1551868
2511 1158654
2512 6041088
2513 1858816
2514 994826
2515 1027598
2516 2371089
2517 2895385
2518 44570
2519 929309
2520 6860330
2521 2043444
2522 160352
2523 6446348
2524 3255883
2525 11853
2526 1355350
2527 2174559
2528 3550820
2529 3583589
2530 2764390
2531 7057008
2532 2141811
2533 994940
2534 1453705
2535 3419788
2536 7122576
2537 2240149
2538 7122585
2539 2010780
2540 2371233
2541 5844652
2542 1945263
2543 2010805
2544 4927171
2545 7134497
2546 5451465
2547 5484235
2548 2305742
2549 5582543
2550 1225336
2551 6336210
2552 1126099
2553 4009697
2554 4533989
2555 2993894
2556 896749
2557 7024367
2558 667377
2559 6500088
2560 732925
2561 4927231
2562 4665089
2563 6139653
2564 4894475
2565 6401804
2566 2109210
2567 6565663
2568 5517090
2569 2240295
2570 2600744
2571 7122742
2572 5222207
2573 667456
2574 1486658
2575 274244
2576 6827847
2577 1257288
2578 12118
2579 7090008
2580 4070714
2581 6074206
2582 7008912
2583 470885
2584 2371450
2585 2371452
2586 7122816
2587 1929879
2588 6369174
2589 5892508
2590 5386141
2591 3780510
2592 7090083
2593 6893491
2594 7090103
2595 1585084
2596 4698048
2597 2273217
2598 1191884
2599 7122904
2600 3616729
2601 5287902
2602 1617888
2603 4136273
2604 2043880
2605 4370409
2606 4108269
2607 2699253
2608 4304888
2609 2600955
2610 7122941
2611 536582
2612 6860809
2613 6172684
2614 4337680
2615 471072
2616 1126434
2617 2404388
2618 7122983
2619 274478
2620 2469939
2621 6664254
2622 6762570
2623 2535502
2624 5189717
2625 2011229
2626 6828126
2627 274529
2628 3551330
2629 2928739
2630 7090278
2631 7090291
2632 1912948
2633 5976183
2634 2175097
2635 340098
2636 4042884
2637 4173960
2638 7123091
2639 6998041
2640 4894873
2641 4599972
2642 6970737
2643 2273451
2644 6729905
2645 2470067
2646 5025973
2647 6205648
2648 831697
2649 12499
2650 1126613
2651 5812440
2652 5714139
2653 978069
2654 143585
2655 6446813
2656 12515
2657 7024868
2658 3934246
2659 4977361
2660 2437355
2661 864492
2662 1203581
2663 4862208
2664 2502916
2665 3584267
2666 569627
2667 2535720
2668 2928941
2669 733501
2670 1842571
2671 569672
2672 2248148
2673 2585314
2674 1683793
2675 4731223
2676 6107481
2677 3387738
2678 7123291
2679 7123297
2680 1225066
2681 5288301
2682 5976433
2683 6828402
2684 4862328
2685 1782139
2686 1094012
2687 7123325
2688 7090567
2689 110989
2690 1913233
2691 3027353
2692 176545
2693 143779
2694 4764068
2695 1585575
2696 7123375
2697 4338097
2698 7123381
2699 5812668
2700 1290687
2701 1913282
2702 7123395
2703 7123401
2704 7123406
2705 7123407
2706 7123416
2707 7096399
2708 6205917
2709 4534752
2710 3879393
2711 6074856
2712 7123434
2713 1880561
2714 7057906
2715 7090676
2716 5436158
2717 3650048
2718 5616130
2719 2208513
2720 6894090
2721 1356310
2722 3420698
2723 6435356
2724 6926892
2725 471603
2726 4272693
2727 1040275
2728 5616206
2729 5780050
2730 1389145
2731 1782377
2732 2470518
2733 5780088
2734 3158652
2735 7025283
2736 4305543
2737 1454728
2738 1356436
2739 78488
2740 1159833
2741 6107802
2742 7123614
2743 1258146
2744 7123622
2745 144044
2746 2748625
2747 7123633
2748 7130967
2749 3420854
2750 7123639
2751 6140601
2752 6369981
2753 4633278
2754 6075076
2755 6664914
2756 897752
2757 7090906
2758 4371163
2759 6992605
2760 4764383
2761 2274020
2762 2503402
2763 7025389
2764 7129213
2765 7123707
2766 7090943
2767 2066560
2768 2503426
2769 1716996
2770 2732805
2771 5452556
2772 1880849
2773 6009618
2774 1908185
2775 6042397
2776 1356580
2777 4404012
2778 4436781
2779 209712
2780 5124914
2781 242492
2782 2492554
2783 1520450
2784 4436803
2785 3257163
2786 5976908
2787 6304592
2788 3421012
2789 7025498
2790 2967695
2791 1979228
2792 6599517
2793 2110303
2794 7123814
2795 5878633
2796 7123822
2797 7123825
2798 6337395
2799 406394
2800 7123836
2801 1880970
2802 1880974
2803 2175887
2804 6599568
2805 1323928
2806 5345281
2807 1553309
2808 3290017
2809 7123874
2810 7091108
2811 3093414
2812 2175918
2813 2306993
2814 3191734
2815 2732988
2816 4043709
2817 4764606
2818 3191743
2819 4043713
2820 5288903
2821 1291210
2822 2438092
2823 766925
2824 2339792
2825 2143187
2826 308180
2827 6370269
2828 603104
2829 6730576
2830 2044899
2831 5354470
2832 7123945
2833 2864106
2834 13292
2835 2175990
2836 406519
2837 4076538
2838 3191815
2839 1192970
2840 7123995
2841 1422364
2842 603165
2843 2667551
2844 1815587
2845 5583913
2846 6861885
2847 5780545
2848 1455171
2849 7124040
2850 1102487
2851 3617883
2852 5977182
2853 4437096
2854 5158001
2855 210038
2856 701569
2857 5715074
2858 4240523
2859 3028108
2860 636047
2861 4568208
2862 6435985
2863 2471059
2864 7124117
2865 2471062
2866 4830369
2867 3060899
2868 2602148
2869 4502693
2870 6108326
2871 4109486
2872 7124143
2873 472241
2874 6927541
2875 537790
2876 6501567
2877 5289158
2878 2471111
2879 7058635
2880 799949
2881 1979600
2882 79059
2883 5010297
2884 7124187
2885 6959994
2886 6796511
2887 1815776
2888 2110691
2889 2340077
2890 3716335
2891 210163
2892 6763766
2893 4404472
2894 6927609
2895 5158138
2896 79100
2897 1225981
2898 1422594
2899 36459
2900 7124228
2901 1094918
2902 734477
2903 7134765
2904 6501654
2905 6763799
2906 1520920
2907 2012444
2908 4666655
2909 1678611
2910 1062188
2911 6200882
2912 7124277
2913 1881398
2914 406844
2915 668554
2916 5584197
2917 800071
2918 1914187
2919 1881421
2920 3061073
2921 800090
2922 7124316
2923 4765026
2924 2766185
2925 7124332
2926 2569582
2927 1521009
2928 6632819
2929 4011385
2930 7129322
2931 4535682
2932 1750403
2933 5370775
2934 210316
2935 1007170
2936 1629763
2937 6895012
2938 1684903
2939 46510
2940 13743
2941 341426
2942 767423
2943 5387716
2944 1919223
2945 505292
2946 1947088
2947 2930130
2948 1357273
2949 3651034
2950 1881563
2951 7124445
2952 7124446
2953 5584353
2954 4273639
2955 4830701
2956 1652209
2957 4339188
2958 964089
2959 5551617
2960 5879302
2961 2635271
2962 4994570
2963 6731281
2964 6698516
2965 1455637
2966 1685027
2967 2176550
2968 7124519
2969 3421742
2970 7058999
2971 1717818
2972 6708833
2973 1226328
2974 1357404
2975 6108780
2976 7124591
2977 865906
2978 5027444
2979 7124602
2980 6665851
2981 2635395
2982 5125767
2983 6993545
2984 5813899
2985 7124630
2986 1390233
2987 2045596
2988 7124637
2989 1193634
2990 1586851
2991 7091876
2992 4732587
2993 2591005
2994 3389104
2995 4830897
2996 2963126
2997 1128120
2998 3225273
2999 7059138
3000 6097185
3001 3094218
3002 3004348
3003 6076108
3004 4044494
3005 6141648
3006 6436563
3007 6698715
3008 997093
3009 2340582
3010 7091944
3011 7129383
3012 3127021
3013 1783534
3014 6829831
3015 898824
3016 5879563
3017 571154
3018 6764307
3019 4339477
3020 7124760
3021 1881881
3022 3356445
3023 3165838
3024 4306723
3025 2438950
3026 4699946
3027 7124783
3028 4710026
3029 6240066
3030 4339524
3031 6666054
3032 2438986
3033 7124815
3034 4667218
3035 5388122
3036 4044638
3037 4667233
3038 7092066
3039 7124835
3040 7124843
3041 5912428
3042 6764402
3043 2307963
3044 3486698
3045 5314518
3046 6332053
3047 3782530
3048 6862725
3049 538504
3050 505742
3051 2045848
3052 7124889
3053 5126045
3054 3258270
3055 3684255
3056 7124902
3057 669612
3058 2996142
3059 2897841
3060 1357750
3061 374712
3062 2340796
3063 5289923
3064 4470726
3065 6010825
3066 866253
3067 5453774
3068 1947599
3069 1554396
3070 2701280
3071 6146384
3072 3225594
3073 7092230
3074 7124999
3075 1554453
3076 1161245
3077 4569137
3078 1685556
3079 2340953
3080 6928446
3081 993408
3082 800857
3083 1587290
3084 407650
3085 3717228
3086 2242675
3087 6764672
3088 5398208
3089 6488341
3090 2799752
3091 1882254
3092 2570387
3093 7125141
3094 1194135
3095 5322904
3096 3389595
3097 6338720
3098 2439329
3099 7125156
3100 6469797
3101 6764714
3102 6502572
3103 3848370
3104 7125177
3105 7125180
3106 1816767
3107 6882241
3108 7059655
3109 2898121
3110 4747991
3111 571602
3112 6568147
3113 7026911
3114 6699235
3115 2013413
3116 3782889
3117 3586283
3118 7092460
3119 1034621
3120 1095921
3121 7059700
3122 1030402
3123 2144515
3124 1685768
3125 6863118
3126 6863121
3127 735507
3128 473366
3129 4602140
3130 1718558
3131 6732069
3132 3553583
3133 7125301
3134 3455293
3135 5683518
3136 145728
3137 6830407
3138 1521999
3139 670034
3140 1980767
3141 7059810
3142 6830437
3143 4241767
3144 5683570
3145 5978486
3146 6470011
3147 3488124
3148 1685892
3149 5126538
3150 3651980
3151 1522061
3152 3060803
3153 1685908
3154 1161622
3155 2734488
3156 4405661
3157 3881374
3158 6338980
3159 7125416
3160 4897195
3161 7125422
3162 3324335
3163 6732208
3164 7059890
3165 6633907
3166 5573022
3167 5847479
3168 5716409
3169 7125435
3170 7125438
3171 1391045
3172 7092679
3173 7092683
3174 3258829
3175 73464
3176 7092699
3177 7125472
3178 4274660
3179 6273510
3180 735725
3181 1980914
3182 5650936
3183 5650943
3184 7092738
3185 1948165
3186 801288
3187 5126671
3188 2538003
3189 2865687
3190 1620504
3191 6699551
3192 3521068
3193 1096257
3194 2701891
3195 1948228
3196 1487707
3197 7125579
3198 2112078
3199 6732368
3200 2964065
3201 2079334
3202 1915498
3203 2800235
3204 6053650
3205 2472558
3206 1325680
3207 7092849
3208 2800242
3209 1882740
3210 2509247
3211 2243203
3212 1161861
3213 1543357
3214 7125654
3215 3947159
3216 4176538
3217 6535835
3218 1587868
3219 80543
3220 7125664
3221 4995747
3222 6339238
3223 7102236
3224 6863531
3225 506544
3226 4602545
3227 2669234
3228 3979955
3229 506556
3230 4032970
3231 6535874
3232 5388995
3233 6339270
3234 5454537
3235 1153826
3236 3881699
3237 4307684
3238 7102246
3239 4471540
3240 7125754
3241 4537084
3242 7092990
3243 1489663
3244 7092992
3245 670465
3246 1129219
3247 6763649
3248 5815048
3249 2308876
3250 2112271
3251 4406033
3252 1424146
3253 1522460
3254 2046749
3255 5126952
3256 2636586
3257 6339381
3258 2997047
3259 6470456
3260 179005
3261 6372167
3262 1653577
3263 7125841
3264 2014034
3265 7093075
3266 5782362
3267 1751900
3268 3423072
3269 6110053
3270 4143981
3271 2898799
3272 1489776
3273 1817460
3274 4406136
3275 15229
3276 1031038
3277 5753324
3278 3423118
3279 4504464
3280 5365571
3281 2243477
3282 5487523
3283 1063844
3284 4766630
3285 375724
3286 2276273
3287 7027638
3288 7125943
3289 6994877
3290 2571202
3291 834500
3292 2964422
3293 5174434
3294 2046926
3295 6634448
3296 1657336
3297 7125970
3298 3126435
3299 343000
3300 7060443
3301 211933
3302 2636766
3303 6241247
3304 3324896
3305 3849187
3306 7129596
3307 6998525
3308 670712
3309 408573
3310 3947521
3311 1321870
3312 7027726
3313 2472982
3314 1784857
3315 7093281
3316 5747889
3317 2473000
3318 5291060
3319 4406333
3320 7060543
3321 4439105
3322 1031235
3323 1981519
3324 2473040
3325 539732
3326 474198
3327 6700120
3328 2735195
3329 1457253
3330 441446
3331 6587667
3332 6274164
3333 1424504
3334 1062079
3335 605310
3336 6929536
3337 1799360
3338 4832387
3339 3456144
3340 1260690
3341 2899096
3342 6765723
3343 1129628
3344 3175621
3345 1817763
3346 5829831
3347 7126188
3348 2997425
3349 1785018
3350 4846794
3351 5225662
3352 1714683
3353 3325121
3354 1260740
3355 3849416
3356 1785038
3357 7126227
3358 4766938
3359 3718368
3360 5829840
3361 6700258
3362 3587303
3363 5618923
3364 1981678
3365 179439
3366 4046072
3367 3915010
3368 1129733
3369 6044934
3370 1359116
3371 2637069
3372 3816720
3373 4177169
3374 7085958
3375 7126313
3376 1968690
3377 3202952
3378 5520690
3379 7093560
3380 1914079
3381 6208829
3382 7058659
3383 3456342
3384 5258587
3385 441696
3386 4373860
3387 1785196
3388 802157
3389 6700398
3390 1752431
3391 7028083
3392 6208885
3393 5619071
3394 4406661
3395 4898182
3396 4406663
3397 146824
3398 5782938
3399 6730991
3400 2538912
3401 1719713
3402 6578075
3403 7126438
3404 7093962
3405 6765998
3406 1228208
3407 3816881
3408 5094836
3409 1555893
3410 7064137
3411 6340026
3412 2997702
3413 3980743
3414 5127626
3415 6733259
3416 6733261
3417 1392078
3418 2014673
3419 7093716
3420 1129943
3421 3128800
3422 4989174
3423 3030504
3424 3194352
3425 7047764
3426 474620
3427 7126531
3428 1031708
3429 1326622
3430 4079137
3431 6518022
3432 1916455
3433 1116764
3434 2965036
3435 1130030
3436 1064502
3437 441912
3438 343613
3439 7126590
3440 2571839
3441 2113088
3442 7126597
3443 769607
3444 7124237
3445 6438485
3446 7126617
3447 343642
3448 996623
3449 6307420
3450 500269
3451 2276968
3452 2834030
3453 6343272
3454 3260019
3455 2014836
3456 4537975
3457 671352
3458 3784319
3459 7028352
3460 6700679
3461 7124247
3462 2735756
3463 5357204
3464 6143640
3465 2539161
3466 7110337
3467 2735773
3468 2801313
3469 6733479
3470 835244
3471 7093936
3472 1490611
3473 6766265
3474 1654460
3475 638655
3476 7126720
3477 1294017
3478 2997954
3479 7126723
3480 6012618
3481 -1
3482 -5
3483 -4
3484 -3
3485 -2
