0 6144
1 95232
2 1091
3 261635
4 677893
5 721153
6 522
7 682468
8 526
9 530
10 178707
11 426004
12 467118
13 427542
14 687670
15 921477
16 81583
17 540
18 8221
19 596001
20 483364
21 436263
22 260136
23 623658
24 45319
25 503853
26 84014
27 349
28 417846
29 420923
30 622652
31 279102
32 770625
33 158786
34 464963
35 466504
36 102474
37 439
38 588
39 397154
40 5198
41 2127
42 594
43 355
44 430
45 45146
46 252003
47 464484
48 468581
49 405609
50 3690
51 899691
52 775276
53 49684
54 515
55 411761
56 401522
57 12819
58 841335
59 25108
60 420986
61 635
62 44156
63 42326
64 258687
65 474752
66 32898
67 178710
68 195847
69 714888
70 839818
71 264843
72 160908
73 46225
74 464020
75 195223
76 41519
77 467099
78 586397
79 2213
80 493222
81 42664
82 582314
83 428715
84 705353
85 418991
86 256551
87 86193
88 413362
89 462515
90 461946
91 412342
92 387556
93 104122
94 61628
95 522941
96 808639
97 86208
98 706
99 277537
100 44745
101 491724
102 409295
103 496849
104 45779
105 462548
106 45781
107 629974
108 18041
109 689
110 661210
111 594554
112 392930
113 320230
114 575211
115 755
116 77044
117 470268
118 496888
119 45780
120 280826
121 252667
122 468444
123 401152
124 278273
125 770
126 103734
127 841
128 325381
129 195334
130 4871
131 272648
132 408876
133 682255
134 839954
135 367
136 4374
137 401177
138 484488
139 493359
140 2333
141 42782
142 694633
143 577312
144 601564
145 299
146 251692
147 535341
148 496943
149 581937
150 395060
151 86326
152 2360
153 517433
154 12090
155 316
156 88202
157 318
158 569153
159 395
160 324
161 447301
162 326
163 812
164 328
165 329
166 592203
167 81965
168 336
169 312
170 256566
171 301
172 342
173 749540
174 43869
175 44386
176 397667
177 356
178 817509
179 427878
180 681831
181 361
182 251879
183 568687
184 61297
185 370
186 5492
187 18294
188 262633
189 377
190 61820
191 381
192 382
193 653695
194 6379
195 389
196 498707
197 5001
198 394
199 572299
200 804748
201 220559
202 713624
203 767379
204 677780
205 256408
206 409
207 518042
208 261271
209 819101
210 325
211 81314
212 409507
213 404900
214 406340
215 3498
216 89515
217 391085
218 89518
219 661938
220 435
221 689077
222 258885
223 111543
224 463860
225 502838
226 444
227 4541
228 485311
229 448
230 461972
231 5059
232 89540
233 571335
234 782792
235 39881
236 458
237 95180
238 77263
239 773074
240 265114
241 474
242 476
243 3549
244 627
245 5090
246 77283
247 841700
248 61265
249 488
250 3561
251 104938
252 796660
253 5622
254 252903
255 278522
256 462762
257 341
