0 23 6.0
0 25 5.0
0 51 5.0
0 64 7.0
0 69 6.0
0 95 7.0
0 96 6.0
0 124 7.0
0 133 8.0
0 134 6.0
0 144 7.0
0 166 6.0
0 173 6.0
0 180 8.0
0 203 8.0
0 207 6.0
0 209 8.0
0 213 6.0
0 247 6.0
0 252 6.0
1 0 10.0
1 1 10.0
1 11 10.0
1 17 9.0
1 21 10.0
1 36 1.0
1 37 10.0
1 39 10.0
1 42 10.0
1 43 10.0
1 81 10.0
1 85 10.0
1 113 10.0
1 131 9.0
1 146 10.0
1 152 10.0
1 171 10.0
1 212 10.0
1 237 10.0
1 249 10.0
2 6 10.0
2 8 10.0
2 9 10.0
2 28 10.0
2 70 1.0
2 78 10.0
2 151 7.0
2 162 10.0
2 171 10.0
2 172 10.0
2 176 10.0
2 181 10.0
2 184 10.0
2 192 10.0
2 198 10.0
2 211 9.0
2 220 10.0
2 223 10.0
2 229 10.0
2 231 10.0
3 8 10.0
3 31 8.0
3 59 9.0
3 66 8.0
3 73 9.0
3 81 9.0
3 141 8.0
3 161 10.0
3 162 10.0
3 171 10.0
3 172 10.0
3 175 8.0
3 181 10.0
3 210 10.0
3 211 10.0
3 215 10.0
3 220 10.0
3 226 8.0
3 241 8.0
3 242 8.0
4 6 8.0
4 9 9.0
4 52 5.0
4 59 10.0
4 64 10.0
4 81 8.0
4 116 8.0
4 141 9.0
4 160 9.0
4 164 5.0
4 165 10.0
4 190 9.0
4 191 10.0
4 210 9.0
4 215 2.0
4 218 10.0
4 229 9.0
4 232 10.0
4 241 9.0
4 242 10.0
5 4 8.0
5 56 9.0
5 66 9.0
5 81 9.0
5 95 9.0
5 123 10.0
5 124 8.0
5 145 8.0
5 147 10.0
5 152 10.0
5 155 8.0
5 161 8.0
5 162 9.0
5 165 10.0
5 171 9.0
5 172 8.0
5 181 8.0
5 195 9.0
5 220 10.0
5 229 9.0
6 14 10.0
6 29 10.0
6 30 10.0
6 31 10.0
6 103 10.0
6 147 10.0
6 162 10.0
6 164 10.0
6 169 10.0
6 193 10.0
6 215 10.0
6 220 10.0
6 221 1.0
6 223 10.0
6 224 10.0
6 227 10.0
6 229 10.0
6 242 10.0
6 250 10.0
6 257 10.0
7 130 10.0
8 3 8.0
8 9 10.0
8 10 10.0
8 19 9.0
8 22 8.0
8 38 6.0
8 46 10.0
8 82 7.0
8 84 7.0
8 87 9.0
8 99 9.0
8 110 7.0
8 121 6.0
8 149 8.0
8 178 9.0
8 200 7.0
8 219 7.0
8 233 8.0
8 239 7.0
8 241 9.0
9 59 10.0
9 64 1.0
9 66 10.0
9 73 8.0
9 81 9.0
9 141 7.0
9 147 10.0
9 152 8.0
9 160 10.0
9 161 10.0
9 162 10.0
9 165 10.0
9 168 10.0
9 172 7.0
9 175 8.0
9 176 10.0
9 195 8.0
9 210 9.0
9 211 10.0
9 229 10.0
10 8 10.0
10 57 10.0
10 81 10.0
10 83 9.0
10 100 10.0
10 125 10.0
10 136 10.0
10 147 9.0
10 151 10.0
10 161 10.0
10 164 10.0
10 169 10.0
10 171 10.0
10 182 10.0
10 187 10.0
10 195 9.0
10 215 10.0
10 229 10.0
10 248 10.0
10 255 10.0
11 58 6.0
11 66 8.0
11 129 9.0
11 136 10.0
11 161 8.0
11 162 10.0
11 164 8.0
11 169 8.0
11 171 8.0
11 172 8.0
11 181 8.0
11 186 3.0
11 195 8.0
11 201 1.0
11 215 8.0
11 220 10.0
11 223 8.0
11 229 9.0
11 242 8.0
11 257 5.0
12 18 8.0
12 40 7.0
12 41 10.0
12 45 9.0
12 53 9.0
12 54 8.0
12 97 9.0
12 112 6.0
12 147 10.0
12 168 10.0
12 174 8.0
12 176 9.0
12 177 9.0
12 185 9.0
12 206 10.0
12 222 10.0
12 227 9.0
12 229 10.0
12 246 10.0
12 253 9.0
13 33 10.0
13 53 7.0
13 60 6.0
13 75 6.0
13 79 10.0
13 80 8.0
13 114 8.0
13 125 8.0
13 137 8.0
13 147 10.0
13 148 8.0
13 154 8.0
13 157 6.0
13 160 5.0
13 161 9.0
13 185 8.0
13 199 3.0
13 217 6.0
13 222 8.0
13 236 8.0
14 9 8.0
14 31 7.0
14 73 9.0
14 79 7.0
14 81 10.0
14 129 10.0
14 136 10.0
14 152 8.0
14 159 9.0
14 161 10.0
14 171 10.0
14 172 10.0
14 181 9.0
14 189 10.0
14 215 7.0
14 220 9.0
14 223 9.0
14 229 8.0
14 238 8.0
14 242 8.0
15 12 7.0
15 13 7.0
15 48 8.0
15 65 8.0
15 80 8.0
15 89 2.0
15 101 9.0
15 102 4.0
15 105 2.0
15 117 2.0
15 118 8.0
15 122 8.0
15 138 7.0
15 143 9.0
15 150 7.0
15 153 1.0
15 158 1.0
15 196 9.0
15 205 3.0
15 208 7.0
16 5 8.0
16 7 9.0
16 15 9.0
16 16 10.0
16 34 7.0
16 47 9.0
16 49 10.0
16 62 8.0
16 67 9.0
16 108 8.0
16 126 10.0
16 132 9.0
16 139 7.0
16 142 9.0
16 164 9.0
16 169 9.0
16 179 9.0
16 215 9.0
16 225 9.0
16 255 10.0
17 2 8.0
17 20 6.0
17 32 6.0
17 74 7.0
17 77 8.0
17 90 7.0
17 107 7.0
17 111 7.0
17 118 8.0
17 128 9.0
17 183 7.0
17 194 7.0
17 202 7.0
17 204 8.0
17 228 9.0
17 230 8.0
17 234 7.0
17 243 8.0
17 254 7.0
17 256 8.0
18 9 7.0
18 27 9.0
18 66 10.0
18 71 10.0
18 76 10.0
18 78 7.0
18 92 9.0
18 125 3.0
18 129 8.0
18 147 10.0
18 151 7.0
18 181 7.0
18 192 7.0
18 195 7.0
18 214 4.0
18 220 8.0
18 227 8.0
18 229 8.0
18 244 9.0
18 251 9.0
19 24 10.0
19 35 10.0
19 50 10.0
19 63 10.0
19 81 10.0
19 86 10.0
19 91 10.0
19 93 10.0
19 104 10.0
19 106 10.0
19 119 10.0
19 120 10.0
19 140 10.0
19 141 10.0
19 170 10.0
19 197 10.0
19 216 7.0
19 235 10.0
19 240 10.0
19 245 10.0
20 26 10.0
20 44 9.0
20 55 8.0
20 61 7.0
20 68 10.0
20 72 10.0
20 88 9.0
20 94 10.0
20 98 10.0
20 109 8.0
20 115 8.0
20 127 7.0
20 135 10.0
20 137 10.0
20 156 3.0
20 163 6.0
20 167 9.0
20 188 3.0
20 229 10.0
20 257 10.0
